-0.0848711779676066	-0.0415386873816703	-0.897368228823879	0.431047192890167
-0.0834681776529203	-0.0419547105315615	-0.896943166546111	0.432164114162372
-0.0820658147123501	-0.0423705873739821	-0.896514362155658	0.433280433241354
-0.0806640953443864	-0.0427863196360328	-0.896081817673553	0.434396144790831
-0.0792630257382353	-0.0432019090444875	-0.895645535139468	0.435511243471932
-0.077862612073787	-0.0436173573257653	-0.895205516611697	0.436625723943228
-0.0764628605215846	-0.0440326662059038	-0.894761764167144	0.437739580860762
-0.0750637772427932	-0.044447837410531	-0.894314279901305	0.438852808878082
-0.0736653683891695	-0.0448628726648382	-0.89386306592825	0.439965402646271
-0.07226764010303	-0.0452777736935529	-0.893408124380614	0.441077356813982
-0.0708705985172211	-0.0456925422209108	-0.892949457409572	0.442188666027468
-0.0694742497550881	-0.0461071799706288	-0.892487067184834	0.443299324930613
-0.0680785999304447	-0.0465216886658779	-0.892020955894618	0.444409328164968
-0.0666836551475427	-0.0469360700292554	-0.891551125745641	0.445518670369776
-0.0652894215010416	-0.0473503257827577	-0.891077578963101	0.446627346182009
-0.0638959050759784	-0.0477644576477536	-0.89060031779066	0.447735350236402
-0.0625031119477373	-0.0481784673449561	-0.890119344490427	0.448842677165477
-0.0611110481820194	-0.0485923565943957	-0.889634661342943	0.449949321599583
-0.0597197198348137	-0.0490061271153934	-0.889146270647163	0.451055278166926
-0.0583291329523661	-0.0494197806265327	-0.888654174720441	0.452160541493596
-0.0569392935711506	-0.0498333188456334	-0.88815837589851	0.453265106203608
-0.0555502077178388	-0.0502467434897236	-0.887658876535469	0.454368966918926
-0.054161881409271	-0.0506600562750129	-0.887155679003761	0.4554721182595
-0.0527743206524264	-0.0510732589168656	-0.886648785694161	0.456574554843298
-0.0513875314443936	-0.0514863531297729	-0.886138199015755	0.457676271286334
-0.0500015197723418	-0.0518993406273262	-0.885623921395924	0.458777262202707
-0.0486162916134908	-0.0523122231221899	-0.885105955280326	0.459877522204628
-0.047231852935083	-0.0527250023260748	-0.88458430313288	0.460977045902452
-0.0458482096943537	-0.0531376799497105	-0.884058967435745	0.462075827904716
-0.0444653678385018	-0.0535502577028186	-0.883529950689306	0.463173862818166
-0.0430833333046623	-0.0539627372940857	-0.882997255412152	0.464271145247792
-0.0417021120198765	-0.0543751204311366	-0.882460884141062	0.465367669796856
-0.0403217099010639	-0.0547874088205074	-0.881920839430985	0.466463431066933
-0.0389421328549934	-0.055199604167618	-0.881377123855021	0.467558423657936
-0.0375633867782552	-0.055611708176746	-0.880829740004403	0.46865264216815
-0.0361854775572324	-0.0560237225509994	-0.880278690488479	0.469746081194268
-0.0348084110680724	-0.0564356489922897	-0.879723977934695	0.47083873533142
-0.0334321931766597	-0.0568474892013053	-0.879165604988575	0.471930599173204
-0.0320568297385871	-0.0572592448774847	-0.878603574313698	0.473021667311726
-0.0306823265991279	-0.0576709177189895	-0.878037888591688	0.474111934337625
-0.0293086895932084	-0.0580825094226779	-0.877468550522188	0.475201394840108
-0.02793592454538	-0.0584940216840778	-0.876895562822843	0.476290043406984
-0.0265640372697915	-0.0589054561973603	-0.876318928229282	0.477377874624696
-0.0251930335701619	-0.0593168146553125	-0.875738649495098	0.478464883078353
-0.0238229192397525	-0.0597280987493118	-0.875154729391826	0.479551063351765
-0.0224537000613401	-0.0601393101692984	-0.874567170708929	0.480636410027471
-0.0210853818071896	-0.060550450603749	-0.873975976253774	0.481720917686776
-0.0197179702390265	-0.0609615217396505	-0.873381148851615	0.482804580909784
-0.0183514711080108	-0.0613725252624728	-0.87278269134557	0.483887394275428
-0.0169858901547089	-0.0617834628561431	-0.872180606596604	0.484969352361503
-0.0156212331090676	-0.0621943362030187	-0.87157489748351	0.486050449744703
-0.0142575056903873	-0.0626051469838611	-0.870965566902885	0.487130681000648
-0.0128947136072952	-0.063015896877809	-0.870352617769112	0.488210040703921
-0.0115328625577188	-0.0634265875623523	-0.869736053014343	0.489288523428102
-0.0101719582288595	-0.0638372207133057	-0.869115875588471	0.490366123745796
-0.00881200629716651	-0.0642477980047821	-0.868492088459117	0.491442836228667
-0.00745301242831007	-0.0646583211091662	-0.867864694611606	0.492518655447478
-0.00609498227715599	-0.0650687916970889	-0.867233697048946	0.493593575972113
-0.00473792148773942	-0.0654792114374002	-0.86659909879181	0.49466759237162
-0.0033818356932386	-0.0658895819971432	-0.865960902878512	0.495740699214235
-0.00202673051594943	-0.0662999050415282	-0.865319112364986	0.496812891067425
-0.000672611567259618	-0.0667101822339063	-0.864673730324769	0.497884162497912
0.000680515552376783	-0.0671204152357431	-0.864024759848977	0.49895450807171
0.00203264525346517	-0.0675306057065927	-0.863372204046282	0.50002392235416
0.0033837719574955	-0.0679407553040716	-0.862716066042895	0.501092399909959
0.00473389009696792	-0.0683508656838328	-0.862056348982541	0.502159935303197
0.00608299411541758	-0.0687609384995395	-0.86139305602644	0.503226523097387
0.00743107846744001	-0.069170975402839	-0.860726190353282	0.5042921578555
0.00877813761871616	-0.0695809780433373	-0.860055755159211	0.505356834139996
0.0101241660460371	-0.0699909480685726	-0.859381753657796	0.506420546512862
0.011469158237329	-0.0704008871239893	-0.858704189080015	0.507483289535641
0.0128131086916775	-0.0708107968529127	-0.858023064674233	0.508545057769465
0.0141560119193529	-0.0712206788965228	-0.857338383706173	0.509605845775089
0.0154978624418342	-0.0716305348938285	-0.856650149458902	0.510665648112929
0.0168386547918334	-0.0720403664816416	-0.855958365232806	0.511724459343087
0.0181783835133202	-0.0724501752945517	-0.855263034345564	0.512782274025389
0.019517043161546	-0.0728599629648997	-0.854564160132133	0.513839086719419
0.0208546283030679	-0.0732697311227523	-0.853861745944715	0.514894891984551
0.0221911335157725	-0.073679481395877	-0.853155795152748	0.515949684379981
0.0235265533889005	-0.0740892154097156	-0.852446311142869	0.517003458464763
0.0248608825230697	-0.0744989347873591	-0.851733297318903	0.518056208797841
0.0261941155302992	-0.074908641149522	-0.851016757101831	0.519107929938082
0.0275262470340324	-0.0753183361145169	-0.850296693929775	0.520158616444308
0.0288572716691612	-0.0757280212982286	-0.849573111257968	0.521208262875335
0.0301871840820488	-0.0761376983140895	-0.848846012558734	0.52225686379
0.0315159789305534	-0.076547368773053	-0.848115401321466	0.523304413747199
0.0328436508840508	-0.0769570342835693	-0.847381281052601	0.524350907305915
0.0341701946234582	-0.0773666964515593	-0.846643655275596	0.52539633902526
0.0354956048412562	-0.0777763568803893	-0.845902527530904	0.526440703464498
0.0368198762415127	-0.0781860171708462	-0.845157901375955	0.527483995183088
0.038143003539905	-0.0785956789211116	-0.844409780385124	0.528526208740712
0.0394649814637425	-0.0790053437267373	-0.843658168149717	0.529567338697309
0.0407858047519894	-0.0794150131806196	-0.842903068277939	0.53060737961311
0.0421054681552873	-0.0798246888729744	-0.842144484394873	0.531646326048672
0.0434239664359771	-0.0802343723913118	-0.841382420142456	0.53268417256491
0.0447412943681214	-0.0806440653204116	-0.840616879179458	0.533720913723128
0.046057446737527	-0.0810537692422977	-0.839847865181451	0.534756544085059
0.0473724183417665	-0.0814634857362136	-0.839075381840788	0.535791058212895
0.0486862039902001	-0.0818732163785969	-0.838299432866582	0.536824450669317
0.0499987985039981	-0.0822829627430547	-0.837520021984675	0.537856716017538
