0.240627623582965	0.370345953422609	-0.486490721644433	0.75383618864193
0.242383945539003	0.370373692577752	-0.485808312259965	0.753699963201798
0.244139178520157	0.370399347154094	-0.485123421545015	0.753561975558601
0.245893316155109	0.370422914542975	-0.484436054651948	0.753422225850145
0.247646352079019	0.370444392149977	-0.483746216747019	0.753280714215845
0.249398279933557	0.370463777394944	-0.48305391301034	0.753137440796732
0.25114909336692	0.37048106771201	-0.482359148635829	0.752992405735451
0.252898786033865	0.370496260549618	-0.481661928831176	0.752845609176263
0.254647351595729	0.370509353370546	-0.480962258817799	0.75269705126505
0.256394783720462	0.370520343651932	-0.480260143830799	0.752546732149314
0.258141076082645	0.370529228885292	-0.479555589118922	0.752394651978181
0.259886222363519	0.37053600657655	-0.478848599944515	0.7522408109024
0.261630216251011	0.370540674246053	-0.478139181583484	0.752085209074348
0.263373051439759	0.370543229428601	-0.477427339325253	0.751927846648029
0.265114721631137	0.370543669673466	-0.476713078472721	0.75176872377908
0.26685522053328	0.370541992544416	-0.475996404342218	0.751607840624769
0.268594541861111	0.370538195619735	-0.475277322263467	0.751445197343998
0.270332679336364	0.370532276492249	-0.474555837579534	0.751280794097307
0.272069626687611	0.370524232769347	-0.473831955646796	0.751114631046875
0.273805377650286	0.370514062073002	-0.473105681834888	0.750946708356521
0.275539925966711	0.370501762039794	-0.472377021526666	0.750777026191707
0.277273265386121	0.370487330320932	-0.471645980118164	0.75060558471954
0.279005389664688	0.370470764582275	-0.47091256301855	0.750432384108775
0.280736292565545	0.370452062504355	-0.470176775650082	0.750257424529817
0.282465967858816	0.370431221782399	-0.46943862344807	0.75008070615472
0.284194409321634	0.370408240126347	-0.468698111860824	0.749902229157194
0.28592161073817	0.370383115260878	-0.467955246349621	0.749721993712605
0.287647565899657	0.37035584492543	-0.467210032388654	0.749539999997976
0.289372268604415	0.370326426874217	-0.466462475464993	0.749356248191994
0.291095712657872	0.370294858876256	-0.465712581078541	0.749170738475004
0.292817891872595	0.370261138715384	-0.464960354741988	0.748983471029021
0.29453880006831	0.370225264190281	-0.464205801980773	0.748794446037726
0.296258431071925	0.37018723311449	-0.463448928333033	0.748603663686468
0.297976778717561	0.370147043316436	-0.462689739349567	0.748411124162272
0.299693836846568	0.370104692639448	-0.461928240593788	0.748216827653836
0.301409599307555	0.370060178941782	-0.461164437641679	0.748020774351535
0.303124059956415	0.370013500096634	-0.460398336081751	0.747822964447424
0.304837212656343	0.369964653992168	-0.459629941514998	0.747623398135242
0.306549051277865	0.369913638531531	-0.458859259554855	0.747422075610411
0.308259569698862	0.369860451632875	-0.458086295827152	0.74721899707004
0.309968761804593	0.369805091229375	-0.45731105597007	0.74701416271293
0.311676621487718	0.369747555269252	-0.456533545634098	0.746807572739572
0.313383142648322	0.369687841715789	-0.455753770481989	0.746599227352154
0.31508831919394	0.369625948547352	-0.454971736188712	0.746389126754561
0.316792145039583	0.36956187375741	-0.454187448441414	0.746177271152379
0.318494614107754	0.369495615354552	-0.453400912939372	0.745963660752894
0.320195720328482	0.369427171362507	-0.452612135393947	0.745748295765101
0.321895457639337	0.369356539820167	-0.451821121528544	0.745531176399702
0.323593819985457	0.369283718781598	-0.451027877078563	0.745312302869111
0.325290801319573	0.369208706316065	-0.450232407791358	0.745091675387455
0.32698639560203	0.369131500508048	-0.449434719426188	0.744869294170576
0.32868059680081	0.369052099457263	-0.448634817754178	0.74464515943604
0.330373398891557	0.368970501278675	-0.44783270855827	0.74441927140313
0.332064795857602	0.368886704102523	-0.447028397633179	0.744191630292856
0.333754781689981	0.368800706074332	-0.446221890785348	0.743962236327958
0.335443350387462	0.368712505354937	-0.445413193832905	0.743731089732903
0.337130495956567	0.368622100120495	-0.444602312605614	0.743498190733895
0.338816212411597	0.368529488562507	-0.443789252944835	0.743263539558871
0.340500493774651	0.368434668887834	-0.442974020703475	0.743027136437512
0.342183334075652	0.368337639318716	-0.442156621745943	0.742788981601236
0.343864727352368	0.368238398092786	-0.441337061948108	0.742549075283211
0.345544667650438	0.368136943463092	-0.44051534719725	0.742307417718351
0.34722314902339	0.36803327369811	-0.439691483392016	0.742064009143322
0.348900165532668	0.367927387081764	-0.438865476442376	0.741818849796545
0.350575711247652	0.367819281913442	-0.438037332269574	0.741571939918197
0.352249780245682	0.367708956508011	-0.437207056806087	0.741323279750216
0.35392236661208	0.367596409195838	-0.436374655995576	0.741072869536305
0.355593464440171	0.367481638322802	-0.435540135792842	0.740820709521932
0.357263067831308	0.367364642250315	-0.434703502163778	0.740566799954337
0.358931170894895	0.367245419355333	-0.433864761085328	0.74031114108253
0.360597767748402	0.367123968030377	-0.433023918545436	0.7400537331573
0.362262852517399	0.367000286683549	-0.432180980543002	0.739794576431214
0.363926419335568	0.366874373738542	-0.43133595308784	0.739533671158623
0.365588462344729	0.366746227634666	-0.430488842200624	0.739271017595661
0.367248975694865	0.366615846826853	-0.429639653912851	0.739006616000255
0.368907953544137	0.36648322978568	-0.428788394266786	0.738740466632121
0.370565390058913	0.366348374997384	-0.427935069315424	0.738472569752774
0.372221279413785	0.366211280963873	-0.427079685122438	0.738202925625525
0.373875615791595	0.366071946202745	-0.426222247762136	0.737931534515488
0.375528393383451	0.365930369247304	-0.425362763319415	0.737658396689583
0.377179606388755	0.365786548646572	-0.424501237889711	0.737383512416542
0.37882924901522	0.365640482965304	-0.423637677578956	0.737106881966904
0.380477315478894	0.365492170784008	-0.422772088503533	0.736828505613029
0.382123800004182	0.365341610698951	-0.421904476790223	0.736548383629092
0.383768696823864	0.365188801322184	-0.421034848576167	0.736266516291094
0.385412000179121	0.365033741281546	-0.420163210008813	0.735982903876861
0.387053704319553	0.364876429220687	-0.419289567245872	0.735697546666049
0.388693803503201	0.364716863799077	-0.41841392645527	0.735410444940147
0.390332291996569	0.364555043692022	-0.417536293815106	0.73512159898248
0.391969164074646	0.364390967590678	-0.416656675513598	0.734831009078216
0.393604414020924	0.364224634202065	-0.415775077749041	0.734538675514364
0.395238036127422	0.36405604224908	-0.414891506729758	0.734244598579782
0.396870024694706	0.363885190470511	-0.414005968674057	0.73394877856518
0.39850037403191	0.36371207762105	-0.413118469810179	0.733651215763119
0.400129078456757	0.363536702471309	-0.412229016376254	0.733351910468024
0.401756132295578	0.363359063807829	-0.411337614620253	0.733050862976176
0.403381529883336	0.363179160433099	-0.410444270799941	0.732748073585726
0.405005265563645	0.362996991165562	-0.409548991182832	0.732443542596694
0.40662733368879	0.362812554839632	-0.408651782046138	0.732137270310971
0.408247728619748	0.362625850305709	-0.407752649676726	0.731829257032326
