-0.0828462481387271	0.0502585730021318	0.856384678288622	0.507164527349478
-0.0831716015904815	0.0518356741330581	0.856791823713247	0.50626407969969
-0.0834960272428086	0.0534119977250346	0.857196561615037	0.505360887573472
-0.0838195207811362	0.0549875386793329	0.85759888988508	0.504454955961271
-0.0841420778997987	0.0565622919044505	0.85799880642075	0.503546289869947
-0.0844636943020742	0.058136252316127	0.858396309125717	0.502634894322735
-0.0847843657002192	0.0597094148373605	0.858791395909964	0.501720774359212
-0.085104087815505	0.0612817743984235	0.85918406468979	0.500803935035261
-0.0854228563782532	0.0628533259368789	0.859574313387833	0.499884381423033
-0.0857406671278715	0.0644240643975963	0.859962139933073	0.498962118610914
-0.0860575158128894	0.0659939847327679	0.860347542260848	0.498037151703489
-0.0863733981909932	0.0675630819019241	0.860730518312866	0.497109485821502
-0.0866883100290615	0.0691313508719497	0.861111066037218	0.496179126101825
-0.0870022471032011	0.0706987866170992	0.861489183388386	0.495246077697416
-0.0873152051987812	0.072265384119013	0.861864868327259	0.494310345777289
-0.0876271801104694	0.0738311383667328	0.862238118821141	0.493371935526474
-0.0879381676422663	0.0753960443567168	0.86260893284377	0.492430852145977
-0.0882481636075401	0.0769600970928559	0.86297730837532	0.491487100852751
-0.0885571638290622	0.0785232915864884	0.863343243402422	0.490540686879654
-0.0888651641390416	0.0800856228564161	0.863706735918168	0.489591615475414
-0.0891721603791596	0.081647085928919	0.86406778392213	0.488639891904589
-0.0894781484006041	0.0832076758377707	0.864426385420368	0.487685521447535
-0.0897831240641046	0.0847673876242538	0.86478253842544	0.486728509400365
-0.090087083239966	0.0863262163371747	0.86513624095642	0.485768861074913
-0.0903900218081037	0.0878841570328788	0.865487491038903	0.484806581798697
-0.0906919356580773	0.0894412047752656	0.86583628670502	0.48384167691488
-0.0909928206891245	0.0909973546358032	0.866182625993451	0.482874151782234
-0.0912926728101959	0.0925526016935438	0.866526506949434	0.481904011775104
-0.0915914879399882	0.0941069410351377	0.866867927624778	0.480931262283366
-0.0918892620069786	0.0956603677548485	0.867206886077875	0.47995590871239
-0.0921859909494581	0.0972128769545678	0.86754338037371	0.478977956483008
-0.0924816707155656	0.0987644637438296	0.867877408583877	0.477997411031467
-0.0927762972633216	0.100315123239825	0.868208968786584	0.4770142778094
-0.0930698665606606	0.101864850567416	0.86853805906667	0.476028562283778
-0.0933623745854664	0.103413640859152	0.868864677515614	0.475040269936882
-0.0936538173256038	0.10496148925528	0.869188822231548	0.474049406266256
-0.0939441907789521	0.106508390903764	0.869510491319269	0.473055976784675
-0.094233490953439	0.108054340960294	0.869829682890247	0.472059987020101
-0.0945217138670725	0.109599334588306	0.87014639506264	0.471061442515648
-0.0948088555479752	0.111143366958989	0.870460625961306	0.470060348829545
-0.095094912034416	0.112686433251307	0.870772373717812	0.46905671153509
-0.0953798793748434	0.114228528652006	0.871081636470446	0.468050536220619
-0.095663753627918	0.115769648355631	0.871388412364229	0.467041828489462
-0.0959465308625453	0.11730978756454	0.871692699550927	0.466030593959906
-0.0962282071579075	0.118848941488917	0.871994496189062	0.465016838265156
-0.0965087786034971	0.120387105346786	0.872293800443924	0.464000567053294
-0.0967882412991477	0.121924274364024	0.872590610487581	0.462981785987241
-0.0970665913550674	0.123460443774376	0.872884924498889	0.461960500744719
-0.0973438248918701	0.124995608819467	0.873176740663507	0.46093671701821
-0.0976199380406085	0.126529764748816	0.873466057173909	0.459910440514913
-0.0978949269428045	0.12806290681985	0.87375287222939	0.458881676956712
-0.0981687877504825	0.129595030297914	0.874037184036081	0.457850432080129
-0.0984415166262003	0.131126130456291	0.874318990806961	0.456816711636287
-0.0987131097430808	0.132656202576207	0.874598290761864	0.455780521390873
-0.0989835632848438	0.134185241946852	0.874875082127497	0.454741867124092
-0.0992528734458372	0.135713243865385	0.875149363137444	0.453700754630632
-0.0995210364310682	0.137240203636954	0.875421132032182	0.452657189719622
-0.0997880484562348	0.138766116574706	0.875690387059091	0.45161117821459
-0.100053905747757	0.140290977999799	0.875957126472464	0.450562725953426
-0.100318604542808	0.141814783241414	0.87622134853352	0.449511838788339
-0.100582141089344	0.143337527636773	0.876483051510414	0.448458522585817
-0.100844511646137	0.144859206531145	0.876742233678247	0.447402783226588
-0.101105712482803	0.146379815277863	0.87699889331908	0.446344626605578
-0.101365739879835	0.147899349238335	0.877253028721942	0.445284058631869
-0.101624590128633	0.149417803782056	0.877504638182845	0.444221085228661
-0.101882259531533	0.15093517428662	0.877753720004789	0.443155712333229
-0.10213874440184	0.152451456137736	0.878000272497779	0.442087945896883
-0.102394041063855	0.153966644729235	0.878244293978833	0.441017791884926
-0.102648145852909	0.155480735463086	0.878485782771993	0.439945256276614
-0.102901055115388	0.156993723749407	0.878724737208337	0.438870345065115
-0.103152765208769	0.158505605006475	0.87896115562599	0.437793064257465
-0.103403272501645	0.160016374660741	0.879195036370131	0.436713419874531
-0.103652573373756	0.161526028146843	0.879426377793011	0.435631417950963
-0.103900664216021	0.163034560907611	0.87965517825396	0.434547064535162
-0.104147541430564	0.164541968394088	0.879881436119394	0.43346036568923
-0.104393201430747	0.166048246065536	0.880105149762833	0.432371327488931
-0.104637640641196	0.167553389389446	0.880326317564908	0.43127995602365
-0.104880855497833	0.169057393841556	0.880544937913372	0.43018625739635
-0.105122842447904	0.170560254905857	0.880761009203112	0.429090237723534
-0.105363597950006	0.172061968074609	0.880974529836156	0.427991903135195
-0.10560311847412	0.173562528848348	0.88118549822169	0.426891259774781
-0.105841400501639	0.175061932735898	0.881393912776064	0.425788313799151
-0.106078440525394	0.176560175254387	0.881599771922802	0.424683071378533
-0.106314235049683	0.178057251929252	0.881803074092618	0.423575538696478
-0.106548780590304	0.179553158294255	0.882003817723422	0.422465721949825
-0.106782073674579	0.18104788989149	0.882202001260329	0.42135362734865
-0.107014110841382	0.182541442271398	0.882397623155678	0.420239261116231
-0.107244888641171	0.184033810992776	0.882590681869033	0.419122629488999
-0.107474403636014	0.185524991622786	0.882781175867199	0.418003738716503
-0.107702652399616	0.187014979736969	0.88296910362423	0.416882595061358
-0.10792963151735	0.188503770919256	0.883154463621442	0.415759204799211
-0.108155337586281	0.189991360761976	0.883337254347422	0.414633574218692
-0.108379767215197	0.191477744865867	0.88351747429804	0.413505709621372
-0.108602917024634	0.192962918840088	0.883695121976454	0.412375617321725
-0.108824783646906	0.194446878302232	0.883870195893129	0.411243303647078
-0.10904536372613	0.195929618878328	0.884042694565841	0.410108774937572
-0.109264653918256	0.197411136202862	0.88421261651969	0.408972037546118
-0.109482650891093	0.19889142591878	0.884379960287107	0.407833097838353
-0.109699351324336	0.2003704836775	0.884544724407872	0.406691962192598
-0.10991475190959	0.201848305138923	0.884706907429117	0.405548636999813
