0.0774102934902881	0.656257044729119	-0.0864557371200512	0.745560019867065
0.0790340355825604	0.656889726177064	-0.0862727823449011	0.744853351935149
0.0806579322500899	0.657519370234496	-0.0860885581683227	0.744144700904381
0.0822819780736396	0.658145972807904	-0.0859030681404146	0.743434070678154
0.0839061676309696	0.658769529821502	-0.0857163158215567	0.742721465163233
0.0855304954968588	0.659390037217261	-0.0855283047823754	0.742006888269734
0.0871549562431249	0.660007490954928	-0.0853390386037073	0.741290343911098
0.0887795444386458	0.660621887012054	-0.085148520876564	0.740571836004065
0.090404254649381	0.661233221384019	-0.0849567552020963	0.73985136846865
0.092029081438392	0.661841490084052	-0.0847637451915585	0.739128945228117
0.0936540193658636	0.662446689143263	-0.0845694944662725	0.738404570208952
0.0952790629891253	0.66304881461066	-0.0843740066575921	0.737678247340843
0.096904206862672	0.663647862553178	-0.0841772854068668	0.736949980556649
0.0985294455381853	0.664243829055702	-0.083979334365406	0.736219773792378
0.100154773564554	0.664836710221087	-0.0837801571944425	0.735487630987163
0.101780185487898	0.66542650217019	-0.0835797575650973	0.734753556083232
0.103405675851584	0.666013201041883	-0.0833781391583423	0.734017553025889
0.105031239196254	0.666596802993088	-0.0831753056649647	0.733279625763483
0.106656870059839	0.66717730419879	-0.0829712607855304	0.732539778247388
0.108282562977586	0.667754700852068	-0.0827660082303479	0.731798014431977
0.109908312482077	0.668328989164113	-0.082559551719431	0.731054338274593
0.111534113103249	0.668900165364255	-0.0823518949824634	0.730308753735529
0.113159959368419	0.669468225699983	-0.0821430417587613	0.729561264777999
0.114785845802301	0.670033166436967	-0.0819329957972373	0.728811875368117
0.116411766927031	0.670594983859085	-0.081721760856363	0.72806058947487
0.118037717262186	0.671153674268442	-0.081509340704133	0.727307411070092
0.119663691324805	0.671709233985393	-0.0812957391180269	0.72655234412844
0.121289683629414	0.672261659348566	-0.0810809598849742	0.725795392627372
0.122915688688043	0.672810946714883	-0.080865006801316	0.725036560547115
0.12454170101025	0.673357092459582	-0.080647883672768	0.72427585187065
0.126167715103144	0.67390009297624	-0.080429594314384	0.723513270583678
0.1277937254714	0.674439944676795	-0.0802101425505178	0.722748820674602
0.129419726617289	0.674976643991566	-0.0799895322147875	0.721982506134496
0.131045713040693	0.675510187369275	-0.0797677671500366	0.721214330957088
0.132671679239131	0.676040571277069	-0.0795448512082988	0.720444299138728
0.134297619707775	0.676567792200539	-0.0793207882507578	0.719672414678368
0.135923528939479	0.677091846643745	-0.0790955821477121	0.718898681577533
0.137549401424794	0.677612731129235	-0.0788692367785356	0.718123103840303
0.139175231651994	0.678130442198064	-0.0786417560316433	0.717345685473281
0.140801014107094	0.678644976409816	-0.0784131438044499	0.716566430485574
0.142426743273875	0.679156330342627	-0.0781834040033347	0.715785342888764
0.144052413633904	0.6796645005932	-0.0779525405436026	0.715002426696889
0.145678019666555	0.680169483776832	-0.0777205573494463	0.714217685926413
0.147303555849033	0.680671276527428	-0.0774874583539095	0.713431124596203
0.148929016656393	0.681169875497526	-0.0772532474988487	0.712642746727508
0.150554396561564	0.681665277358312	-0.0770179287348937	0.711852556343928
0.152179690035367	0.682157478799645	-0.076781506021412	0.711060557471398
0.153804891546545	0.682646476530072	-0.0765439833264693	0.710266754138155
0.155429995561773	0.683132267276852	-0.0763053646267914	0.70947115037472
0.157054996545691	0.683614847785969	-0.0760656539077263	0.708673750213869
0.158679888960918	0.684094214822159	-0.0758248551632064	0.707874557690615
0.160304667268078	0.684570365168923	-0.075582972395709	0.707073576842175
0.161929325925821	0.685043295628551	-0.0753400096162203	0.706270811707953
0.163553859390843	0.685513003022134	-0.0750959708441942	0.705466266329513
0.16517826211791	0.685979484189591	-0.0748508601075158	0.704659944750554
0.166802528559879	0.686442735989681	-0.0746046814424611	0.703851851016889
0.168426653167721	0.686902755300024	-0.074357438893662	0.703041989176415
0.170050630390542	0.68735953901712	-0.0741091365140634	0.702230363279096
0.171674454675603	0.687813084056367	-0.0738597783648877	0.701416977376933
0.173298120468346	0.688263387352077	-0.0736093685155942	0.700601835523943
0.174921622212413	0.688710445857498	-0.0733579110438423	0.699784941776135
0.17654495434967	0.689154256544826	-0.0731054100354504	0.698966300191483
0.178168111320226	0.689594816405228	-0.0728518695843588	0.698145914829907
0.179791087562458	0.690032122448857	-0.0725972937925902	0.697323789753244
0.181413877513034	0.690466171704871	-0.0723416867702113	0.696499929025227
0.183036475606928	0.690896961221447	-0.0720850526352922	0.695674336711461
0.184658876277452	0.691324488065803	-0.0718273955138702	0.694847016879398
0.186281073956272	0.691748749324209	-0.0715687195399084	0.694017973598313
0.187903063073428	0.692169742102012	-0.0713090288552565	0.69318721093928
0.189524838057363	0.692587463523643	-0.0710483276096134	0.692354732975152
0.19114639333494	0.693001910732641	-0.0707866199604869	0.691520543780532
0.192767723331466	0.693413080891669	-0.0705239100731539	0.69068464743175
0.194388822470714	0.693820971182525	-0.0702602021206223	0.689847048006844
0.196009685174944	0.694225578806163	-0.0699955002835912	0.68900774958553
0.197630305864926	0.69462690098271	-0.069729808750411	0.688166756249184
0.199250678959964	0.695024934951476	-0.0694631317170448	0.687324072080813
0.200870798877914	0.695419677970976	-0.069195473387028	0.686479701165036
0.202490660035211	0.695811127318944	-0.0689268379714303	0.685633647588058
0.204110256846888	0.696199280292345	-0.0686572296888134	0.684785915437647
0.205729583726598	0.696584134207397	-0.0683866527651945	0.683936508803109
0.207348635086638	0.696965686399579	-0.0681151114340048	0.683085431775268
0.208967405337973	0.697343934223653	-0.0678426099360498	0.68223268844644
0.210585888890254	0.697718875053673	-0.0675691525194714	0.68137828291041
0.212204080151841	0.698090506283006	-0.0672947434397051	0.680522219262408
0.213821973529828	0.69845882532434	-0.0670193869594424	0.679664501599085
0.215439563430065	0.698823829609705	-0.0667430873485907	0.678805134018496
0.217056844257177	0.699185516590482	-0.0664658488842326	0.677944120620066
0.21867381041459	0.699543883737424	-0.0661876758505867	0.677081465504575
0.220290456304551	0.699898928540663	-0.0659085725389666	0.676217172774132
0.221906776328153	0.700250648509728	-0.0656285432477429	0.675351246532153
0.223522764885354	0.700599041173559	-0.0653475922823001	0.674483690883333
0.225138416375001	0.70094410408052	-0.0650657239549999	0.673614509933631
0.226753725194853	0.701285834798414	-0.0647829425851387	0.67274370779024
0.228368685741604	0.701624230914494	-0.0644992524989071	0.671871288561566
0.229983292410902	0.701959290035479	-0.0642146580293527	0.670997256357208
0.231597539597376	0.702291009787567	-0.0639291635163358	0.670121615287929
0.233211421694655	0.702619387816445	-0.0636427733064919	0.669244369465639
0.234824933095391	0.702944421787308	-0.0633554917531914	0.668365523003367
0.236438068191284	0.703266109384865	-0.0630673232164974	0.667485080015242
0.238050821373101	0.703584448313359	-0.0627782720631263	0.666603044616469
