0.0406250006267558	0.675981380877553	-0.0427507069455215	0.734555075597883
0.0422107059887714	0.676689860386095	-0.0426414528979496	0.733819320844939
0.0437967596946198	0.677395269169068	-0.0425310604175288	0.733081579394394
0.0453831565076094	0.678097602928492	-0.0424195327218702	0.732341855455291
0.046969891186825	0.678796857384025	-0.0423068730385206	0.73160015324026
0.0485569584871486	0.679493028272987	-0.042193084604929	0.730856476965488
0.0501443531592788	0.680186111350382	-0.0420781706684133	0.730110830850689
0.0517320699497515	0.680876102388927	-0.0419621344861261	0.729363219119079
0.0533201036009601	0.681562997179077	-0.0418449793250211	0.728613645997346
0.0549084488511755	0.682246791529045	-0.0417267084618191	0.727862115715624
0.0564971004345671	0.682927481264835	-0.0416073251829748	0.727108632507463
0.058086053081222	0.68360506223026	-0.0414868327846414	0.726353200609805
0.0596753015171661	0.684279530286969	-0.0413652345726373	0.725595824262951
0.0612648404643845	0.684950881314474	-0.0412425338624123	0.724836507710537
0.0628546646408421	0.68561911121017	-0.0411187339790131	0.724075255199505
0.0644447687605035	0.686284215889361	-0.0409938382570487	0.723312070980075
0.0660351475333533	0.686946191285286	-0.040867850040656	0.72254695930572
0.0676257956654183	0.68760503334914	-0.0407407726834667	0.721779924433134
0.0692167078587862	0.688260738050102	-0.0406126095485716	0.721010970622206
0.0708078788116263	0.688913301375353	-0.0404833640084858	0.720240102135994
0.0723993032182116	0.689562719330104	-0.0403530394451156	0.719467323240695
0.0739909757689371	0.690208987937619	-0.0402216392497214	0.718692638205619
0.075582891150343	0.690852103239238	-0.0400891668228858	0.717916051303162
0.0771750440451335	0.691492061294397	-0.0399556255744771	0.717137566808775
0.0787674291321988	0.692128858180658	-0.0398210189236152	0.71635718900094
0.0803600410866344	0.692762489993725	-0.0396853502986361	0.715574922161141
0.0819528745797634	0.693392952847471	-0.0395486231370564	0.714790770573838
0.0835459242791559	0.694020242873961	-0.0394108408855403	0.714004738526436
0.0851391848486508	0.694644356223472	-0.0392720069998623	0.713216830309261
0.0867326509483767	0.695265289064516	-0.0391321249448741	0.71242705021553
0.0883263172347726	0.695883037583864	-0.0389911981944676	0.711635402541328
0.0899201783606081	0.696497597986568	-0.0388492302315409	0.710841891585573
0.0915142289750047	0.697108966495981	-0.038706224547961	0.710046521649996
0.0931084637234574	0.697717139353783	-0.0385621846445313	0.709249297039111
0.094702877247855	0.698322112819997	-0.038417114030954	0.708450222060185
0.0962974641865015	0.698923883173017	-0.0382710162257955	0.707649301023216
0.0978922191741372	0.699522446709624	-0.0381238947564507	0.706846538240899
0.0994871368419596	0.700117799745013	-0.0379757531591071	0.706041938028606
0.101082211817643	0.700709938612809	-0.0378265949787088	0.705235504704353
0.102677438725364	0.701298859665092	-0.0376764237689218	0.704427242588776
0.104272812185817	0.701884559272415	-0.0375252430920984	0.703617156005102
0.10586832681624	0.702467033823829	-0.0373730565192394	0.702805249279124
0.107463977230432	0.7030462797269	-0.0372198676299595	0.701991526739171
0.109059758038777	0.703622293407731	-0.0370656800124514	0.701175992716082
0.110655663848266	0.704195071310985	-0.0369104972634502	0.70035865154318
0.112251689262514	0.704764609899899	-0.0367543229881963	0.699539507556245
0.113847828881787	0.705330905656313	-0.0365971608003988	0.698718565093485
0.115444077303016	0.705893955080683	-0.0364390143222015	0.697895828495508
0.117040429119827	0.706453754692105	-0.0362798871841449	0.697071302105301
0.118636878922555	0.707010301028331	-0.0361197830251309	0.696244990268197
0.120233421298272	0.707563590645795	-0.0359587054923841	0.695416897331848
0.1218300508308	0.708113620119627	-0.0357966582414193	0.694587027646204
0.123426762100741	0.708660386043676	-0.035633644936002	0.693755385563479
0.125023549685495	0.709203885030525	-0.0354696692481134	0.692921975438128
0.126620408159278	0.709744113711517	-0.0353047348579114	0.692086801626822
0.128217332093151	0.710281068736768	-0.0351388454536994	0.691249868488414
0.129814316055034	0.71081474677519	-0.0349720047318821	0.690411180383921
0.131411354609732	0.711345144514507	-0.0348042163969356	0.689570741676491
0.133008442318957	0.711872258661276	-0.0346354841613668	0.688728556731377
0.134605573741347	0.712396085940904	-0.0344658117456776	0.687884629915914
0.136202743432488	0.712916623097668	-0.0342952028783279	0.687038965599489
0.13779994594494	0.713433866894731	-0.0341236612956997	0.686191568153514
0.139397175828251	0.713947814114164	-0.0339511907420574	0.685342441951402
0.140994427628985	0.71445846155696	-0.0337777949695149	0.684491591368538
0.142591695890742	0.714965806043055	-0.033603477737995	0.683639020782253
0.14418897515418	0.715469844411345	-0.0334282428151931	0.682784734571799
0.145786259957034	0.715970573519702	-0.0332520939765418	0.681928737118318
0.147383544834141	0.716467990244994	-0.0330750350051709	0.681071032804823
0.148980824317464	0.716962091483101	-0.0328970696918727	0.680211626016164
0.150578092936106	0.717452874148934	-0.032718201835063	0.679350521139006
0.15217534521634	0.717940335176449	-0.0325384352407438	0.678487722561801
0.153772575681626	0.718424471518668	-0.0323577737224681	0.677623234674761
0.155369778852636	0.718905280147692	-0.0321762211012993	0.676757061869835
0.156966949247273	0.719382758054723	-0.0319937812057761	0.675889208540676
0.158564081380695	0.719856902250073	-0.0318104578718732	0.675019679082623
0.160161169765337	0.720327709763189	-0.0316262549429651	0.674148477892668
0.161758208910932	0.720795177642663	-0.0314411762697881	0.673275609369433
0.163355193324533	0.721259302956252	-0.0312552257104013	0.672401077913144
0.164952117510537	0.721720082790892	-0.0310684071301514	0.671524887925602
0.166548975970705	0.722177514252716	-0.0308807244016328	0.670647043810161
0.168145763204184	0.722631594467067	-0.0306921814046506	0.669767549971698
0.169742473707531	0.723082320578517	-0.0305027820261839	0.668886410816589
0.171339101974733	0.72352968975088	-0.0303125301603445	0.668003630752682
0.172935642497233	0.723973699167231	-0.0301214297083428	0.667119214189271
0.174532089763945	0.724414346029916	-0.0299294845784477	0.666233165537072
0.176128438261285	0.724851627560572	-0.0297366986859492	0.665345489208194
0.177724682473186	0.72528554100014	-0.0295430759531198	0.664456189616116
0.179320816881124	0.725716083608881	-0.0293486203091776	0.663565271175656
0.18091683596414	0.726143252666388	-0.0291533356902464	0.662672738302953
0.182512734198861	0.726567045471606	-0.0289572260393191	0.661778595415434
0.184108506059524	0.726987459342841	-0.0287602953062187	0.660882846931792
0.185704146017996	0.727404491617778	-0.0285625474475595	0.659985497271959
0.1872996485438	0.727818139653494	-0.0283639864267109	0.659086550857079
0.188895008104132	0.728228400826473	-0.028164616213757	0.658186012109487
0.190490219163889	0.728635272532619	-0.0279644407854575	0.657283885452676
0.192085276185687	0.729038752187269	-0.0277634641252124	0.656380175311279
0.193680173629888	0.729438837225213	-0.0275616902230211	0.655474886111037
0.195274905954618	0.729835525100697	-0.0273591230754442	0.654568022278776
0.196869467615792	0.730228813287445	-0.0271557666855666	0.653659588242384
0.198463853067136	0.730618699278672	-0.0269516250629556	0.652749588430781
