-0.085235888570682	-0.308898084501524	-0.252457296601503	0.913007190597925
-0.084302183339292	-0.308084596007615	-0.251215953923429	0.913710877729599
-0.0833690076186918	-0.307270611391198	-0.249972715850134	0.914411297652464
-0.0824363628237152	-0.306456136544728	-0.248727587446438	0.915108446962189
-0.0815042503621582	-0.305641177357753	-0.247480573790691	0.915802322268567
-0.0805726716347867	-0.304825739716866	-0.246231679974751	0.916492920195519
-0.0796416280353448	-0.304009829505669	-0.244980911103946	0.917180237381124
-0.0787111209505625	-0.303193452604724	-0.243728272297056	0.917864270477626
-0.0777811517601645	-0.302376614891518	-0.242473768686277	0.918545016151458
-0.0768517218368776	-0.301559322240412	-0.241217405417198	0.919222471083255
-0.0759228325464393	-0.300741580522607	-0.239959187648768	0.919896631967871
-0.0749944852476063	-0.299923395606097	-0.23869912055327	0.920567495514398
-0.0740666812921619	-0.299104773355625	-0.237437209316292	0.92123505844618
-0.0731394220249258	-0.298285719632646	-0.236173459136697	0.921899317500833
-0.0722127087837616	-0.297466240295282	-0.234907875226595	0.922560269430257
-0.0712865428995859	-0.296646341198281	-0.233640462811314	0.923217911000655
-0.0703609256963763	-0.295826028192973	-0.232371227129373	0.923872238992551
-0.0694358584911806	-0.295005307127229	-0.231100173432448	0.924523250200802
-0.0685113425941249	-0.294184183845422	-0.229827306985345	0.925170941434618
-0.0675873793084231	-0.293362664188379	-0.228552633065974	0.925815309517576
-0.0666639699303851	-0.292540753993347	-0.227276156965315	0.926456351287637
-0.065741115749426	-0.291718459093944	-0.225997883987389	0.927094063597162
-0.064818818048075	-0.290895785320122	-0.224717819449231	0.927728443312925
-0.0638970781019839	-0.290072738498124	-0.223435968680859	0.928359487316133
-0.0629758971799375	-0.289249324450443	-0.222152337025244	0.928987192502441
-0.0620552765438609	-0.288425548995779	-0.220866929838279	0.929611555781963
-0.0611352174488303	-0.287601417948999	-0.219579752488751	0.930232574079293
-0.0602157211430809	-0.286776937121097	-0.218290810358312	0.930850244333519
-0.0592967888680171	-0.285952112319148	-0.217000108841443	0.931464563498237
-0.0583784218582213	-0.285126949346273	-0.215707653345432	0.932075528541565
-0.0574606213414636	-0.284301454001593	-0.214413449290337	0.932683136446164
-0.0565433885387114	-0.283475632080191	-0.21311750210896	0.933287384209245
-0.0556267246641381	-0.282649489373068	-0.211819817246814	0.93388826884259
-0.0547106309251336	-0.281823031667105	-0.210520400162092	0.934485787372568
-0.0537951085223134	-0.280996264745022	-0.209219256325639	0.935079936840142
-0.0528801586495285	-0.280169194385333	-0.20791639122092	0.935670714300893
-0.0519657824938747	-0.279341826362312	-0.206611810343989	0.936258116825028
-0.051051981235703	-0.278514166445946	-0.205305519203456	0.936842141497397
-0.0501387560486291	-0.277686220401898	-0.203997523320462	0.937422785417509
-0.0492261080995429	-0.276857993991466	-0.202687828228642	0.938000045699546
-0.0483140385486194	-0.276029492971541	-0.201376439474094	0.938573919472373
-0.0474025485493278	-0.275200723094569	-0.200063362615355	0.939144403879559
-0.0464916392484423	-0.274371690108507	-0.19874860322336	0.939711496079386
-0.0455813117860515	-0.273542399756788	-0.197432166881416	0.940275193244865
-0.0446715672955688	-0.272712857778276	-0.196114059185171	0.940835492563753
-0.0437624069037428	-0.271883069907226	-0.194794285742581	0.941392391238558
-0.0428538317306677	-0.27105304187325	-0.193472852173878	0.941945886486566
-0.0419458428897931	-0.270222779401268	-0.192149764111538	0.942495975539842
-0.0410384414879345	-0.269392288211476	-0.19082502720025	0.943042655645253
-0.0401316286252844	-0.268561574019299	-0.189498647096887	0.943585924064475
-0.039225405395422	-0.267730642535359	-0.188170629470468	0.944125778074011
-0.038319772885324	-0.266899499465429	-0.18684098000213	0.944662214965204
-0.0374147321753751	-0.266068150510394	-0.185509704385096	0.945195232044247
-0.0365102843393791	-0.265236601366218	-0.184176808324641	0.9457248266322
-0.0356064304445688	-0.264404857723893	-0.182842297538062	0.946250996065001
-0.0347031715516175	-0.26357292526941	-0.181506177754641	0.946773737693481
-0.033800508714649	-0.262740809683715	-0.18016845471562	0.947293048883376
-0.0328984429812496	-0.261908516642668	-0.178829134174161	0.947808927015338
-0.031996975392478	-0.261076051817009	-0.177488221895319	0.948321369484951
-0.0310961069828763	-0.260243420872314	-0.176145723656006	0.948830373702743
-0.0301958387804817	-0.259410629468958	-0.174801645244959	0.949335937094197
-0.0292961718068367	-0.258577683262075	-0.17345599246271	0.949838057099766
-0.0283971070770012	-0.25774458790152	-0.172108771121546	0.950336731174884
-0.0274986455995626	-0.256911349031832	-0.170759987045486	0.950831956789978
-0.0266007883766477	-0.256077972292189	-0.169409646070239	0.951323731430483
-0.0257035364039337	-0.255244463316376	-0.168057754043177	0.951812052596851
-0.0248068906706596	-0.254410827732742	-0.166704316823297	0.952296917804564
-0.0239108521596375	-0.253577071164165	-0.165349340281191	0.952778324584149
-0.0230154218472641	-0.252743199228008	-0.163992830299012	0.953256270481188
-0.0221206007035319	-0.251909217536088	-0.162634792770441	0.953730753056326
-0.0212263896920411	-0.25107513169463	-0.161275233600651	0.954201769885291
-0.0203327897700108	-0.250240947304234	-0.159914158706277	0.954669318558899
-0.0194398018882908	-0.249406669959836	-0.15855157401538	0.955133396683068
-0.0185474269913733	-0.248572305250666	-0.157187485467412	0.955594001878832
-0.0176556660174044	-0.247737858760215	-0.155821899013188	0.956051131782349
-0.0167645198981959	-0.246903336066194	-0.154454820614844	0.956504784044912
-0.0158739895592374	-0.246068742740498	-0.15308625624581	0.956954956332964
-0.0149840759197079	-0.245234084349165	-0.151716211890773	0.957401646328109
-0.0140947798924874	-0.244399366452342	-0.150344693545642	0.957844851727117
-0.0132061023841693	-0.243564594604244	-0.148971707217514	0.958284570241945
-0.0123180442950726	-0.242729774353119	-0.147597258924645	0.958720799599737
-0.011430606519253	-0.241894911241208	-0.146221354696406	0.959153537542847
-0.0105437899445161	-0.241060010804711	-0.144844000573259	0.959582781828838
-0.0096575954524288	-0.240225078573744	-0.143465202606714	0.960008530230503
-0.00877202391833174	-0.23939012007231	-0.142084966859299	0.960430780535866
-0.00788707621135136	-0.238555140818251	-0.140703299404526	0.960849530548202
-0.0070027531944126	-0.237720146323222	-0.139320206326853	0.961264778086042
-0.00611905572425071	-0.236885142092646	-0.137935693721653	0.961676520983182
-0.00523598465142391	-0.236050133625679	-0.136549767695174	0.9620847570887
-0.00435354082032579	-0.235215126415174	-0.135162434364511	0.96248948426696
-0.00347172506919757	-0.234380125947646	-0.133773699857565	0.962890700397624
-0.00259053823014107	-0.23354513770323	-0.132383570313012	0.963288403375665
-0.00170998112913077	-0.232710167155649	-0.130992051880266	0.963682591111371
-0.000830054586026502	-0.231875219772175	-0.129599150719443	0.964073261530362
4.92405854136332e-05	-0.231040301013593	-0.128204873001329	0.964460412573593
0.00092790357752074	-0.230205416334166	-0.12680922490734	0.964844042197372
0.00180593358870243	-0.229370571181596	-0.125412212629493	0.965224148373359
0.00268332982343007	-0.228535770996989	-0.124013842370363	0.965600729088586
0.00356009149222587	-0.227701021214819	-0.122614120343053	0.96597378234546
0.00443621781165001	-0.226866327262892	-0.121213052771159	0.966343306161775
