0.428885749569153	-0.350735062002014	0.644974683867797	0.526355001181317
0.428372993292008	-0.349925650421851	0.646398248274944	0.525564384658981
0.427858706607515	-0.349116106355146	0.647819624420139	0.524771003085838
0.427342894736483	-0.348306431876992	0.649238806146241	0.523974858581179
0.42682556290484	-0.347496629056094	0.650655787305234	0.523175953281325
0.426306716343597	-0.346686699954766	0.652070561758266	0.52237428933962
0.425786360288795	-0.345876646628928	0.65348312337567	0.521569868926424
0.425264499981469	-0.345066471128107	0.654893466037	0.5207626942291
0.424741140667596	-0.344256175495433	0.656301583631064	0.519952767452011
0.424216287598058	-0.343445761767641	0.657707470055947	0.519140090816509
0.423689946028594	-0.342635231975063	0.659111119219048	0.518324666560926
0.423162121219757	-0.341824588141636	0.66051252503711	0.517506496940568
0.422632818436868	-0.34101383228489	0.661911681436247	0.516685584227704
0.422102042949973	-0.340202966415957	0.663308582351976	0.515861930711556
0.421569800033803	-0.339391992539563	0.664703221729249	0.515035538698294
0.42103609496772	-0.338580912654029	0.666095593522481	0.514206410511024
0.420500933035684	-0.337769728751271	0.667485691695582	0.513374548489777
0.4199643195262	-0.336958442816797	0.668873510221985	0.512539954991506
0.419426259732278	-0.33614705682971	0.670259043084679	0.51170263239007
0.418886758951389	-0.3353355727627	0.671642284276234	0.510862583076227
0.418345822485421	-0.334523992582053	0.673023227798838	0.510019809457626
0.417803455640631	-0.333712318247642	0.67440186766432	0.509174313958794
0.417259663727606	-0.33290055171293	0.675778197894186	0.508326099021129
0.416714452061213	-0.33208869492497	0.677152212519644	0.507475167102887
0.416167825960565	-0.331276749824402	0.678523905581636	0.506621520679177
0.415619790748962	-0.330464718345458	0.679893271130865	0.505765162241942
0.415070351753861	-0.329652602415953	0.681260303227831	0.504906094299959
0.414519514306823	-0.328840403957294	0.682624995942853	0.504044319378821
0.413967283743472	-0.328028124884474	0.683987343356103	0.503179840020929
0.413413665403451	-0.327215767106072	0.685347339557634	0.502312658785483
0.412858664630376	-0.326403332524259	0.686704978647409	0.501442778248468
0.412302286771795	-0.325590823034788	0.688060254735332	0.500570201002645
0.411744537179141	-0.324778240527005	0.689413161941274	0.499694929657539
0.411185421207688	-0.323965586883841	0.690763694395107	0.498816966839429
0.41062494421651	-0.323152863981815	0.692111846236728	0.497936315191337
0.410063111568431	-0.322340073691036	0.693457611616093	0.497052977373014
0.409499928629989	-0.321527217875201	0.694800984693241	0.496166956060931
0.408935400771383	-0.320714298391596	0.696141959638326	0.495278253948269
0.408369533366436	-0.319901317091099	0.697480530631646	0.494386873744901
0.407802331792548	-0.319088275818176	0.698816691863671	0.493492818177387
0.40723380143065	-0.318275176410887	0.70015043753507	0.492596089988959
0.406663947665164	-0.317462020700882	0.701481761856743	0.491696691939511
0.406092775883956	-0.316648810513403	0.702810659049847	0.490794626805581
0.405520291478292	-0.315835547667289	0.704137123345829	0.489889897380346
0.404946499842796	-0.31502223397497	0.705461148986446	0.488982506473607
0.404371406375404	-0.314208871242475	0.706782730223802	0.488072456911774
0.403795016477321	-0.313395461269428	0.708101861320372	0.487159751537857
0.403217335552977	-0.31258200584905	0.709418536549031	0.486244393211452
0.402638369009981	-0.311768506768163	0.710732750193083	0.485326384808727
0.40205812225908	-0.310954965807189	0.712044496546287	0.484405729222411
0.401476600714112	-0.310141384740152	0.71335376991289	0.483482429361781
0.400893809791966	-0.309327765334679	0.714660564607648	0.482556488152646
0.400309754912532	-0.308514109352001	0.715964874955861	0.481627908537337
0.399724441498665	-0.307700418546956	0.717266695293395	0.480696693474691
0.399137874976131	-0.30688669466799	0.718566019966715	0.479762845940042
0.398550060773575	-0.306072939457159	0.719862843332909	0.478826368925202
0.397961004322466	-0.305259154650131	0.721157159759717	0.47788726543845
0.397370711057059	-0.304445341976185	0.72244896362556	0.476945538504519
0.396779186414352	-0.303631503158217	0.723738249319565	0.476001191164579
0.396186435834037	-0.302817639912741	0.725025011241594	0.475054226476228
0.39559246475846	-0.302003753949888	0.726309243802272	0.474104647513472
0.394997278632578	-0.301189846973412	0.727590941423015	0.473152457366715
0.394400882903912	-0.300375920680689	0.728870098536053	0.472197659142744
0.393803283022504	-0.299561976762722	0.730146709584463	0.471240255964714
0.393204484440875	-0.298748016904142	0.731420769022193	0.470280250972132
0.39260449261398	-0.29793404278321	0.732692271314089	0.469317647320845
0.392003312999162	-0.297120056071819	0.733961210935924	0.468352448183023
0.391400951056114	-0.2963060584355	0.735227582374424	0.467384656747146
0.39079741224683	-0.295492051533419	0.736491380127292	0.466414276217988
0.390192702035561	-0.294678037018384	0.737752598703241	0.465441309816602
0.389586825888775	-0.293864016536846	0.739011232622017	0.464465760780305
0.388979789275113	-0.293049991728903	0.740267276414426	0.463487632362663
0.388371597665341	-0.292235964228301	0.741520724622358	0.462506927833474
0.387762256532311	-0.291421935662438	0.742771571798822	0.461523650478754
0.387151771350914	-0.290607907652365	0.744019812507964	0.460537803600722
0.386540147598041	-0.289793881812795	0.745265441325096	0.459549390517784
0.385927390752532	-0.288979859752098	0.746508452836725	0.458558414564513
0.385313506295139	-0.288165843072309	0.747748841640576	0.457564879091641
0.384698499708481	-0.287351833369133	0.74898660234562	0.456568787466036
0.384082376476998	-0.286537832231941	0.7502217295721	0.455570143070689
0.38346514208691	-0.285723841243782	0.751454217951558	0.454568949304697
0.382846802026172	-0.284909861981381	0.752684062126859	0.453565209583246
0.382227361784432	-0.284095896015142	0.753911256752218	0.452558927337598
0.381606826852985	-0.283281944909157	0.755135796493227	0.451550106015069
0.380985202724732	-0.282468010221204	0.756357676026881	0.450538749079017
0.380362494894136	-0.281654093502752	0.757576890041598	0.449524860008821
0.37973870885718	-0.280840196298968	0.758793433237257	0.44850844229987
0.379113850111318	-0.280026320148715	0.76000730032521	0.447489499463539
0.378487924155439	-0.279212466584563	0.761218486028317	0.446468035027177
0.377860936489819	-0.278398637132785	0.762426985080967	0.445444052534088
0.37723289261608	-0.27758483331337	0.763632792229106	0.444417555543514
0.376603798037145	-0.276771056640017	0.764835902230261	0.443388547630618
0.375973658257196	-0.275957308620149	0.766036309853564	0.442357032386464
0.375342478781629	-0.27514359075491	0.767234009879782	0.441323013418004
0.374710265117014	-0.274329904539171	0.768428997101337	0.440286494348056
0.374077022771048	-0.273516251461539	0.769621266322333	0.439247478815287
0.373442757252515	-0.272702633004353	0.770810812358582	0.438205970474199
0.372807474071243	-0.271889050643696	0.77199763003763	0.437161972995104
0.372171178738057	-0.271075505849395	0.773181714198776	0.436115490064114
0.37153387676474	-0.270262000085028	0.774363059693105	0.435066525383114
