-0.455515355123572	0.354703903068626	0.645414974040153	0.500130396675985
-0.455285325669166	0.356449649974982	0.645076596453837	0.499534887641062
-0.455052877251449	0.358194016463152	0.644736965785406	0.498937040542192
-0.454818008616083	0.359936995795062	0.644396082815569	0.498336860515533
-0.454580718524335	0.361678581239734	0.644053948323738	0.49773435270927
-0.454341005753101	0.363418766073318	0.64371056308803	0.497129522283579
-0.454098869094911	0.365157543579121	0.643365927885265	0.496522374410578
-0.45385430735795	0.366894907047636	0.643020043490966	0.495912914274288
-0.453607319366073	0.368630849776576	0.642672910679362	0.495301147070589
-0.453357903958814	0.370365365070897	0.642324530223387	0.494687078007176
-0.453106059991407	0.372098446242833	0.641974902894677	0.494070712303515
-0.452851786334797	0.373830086611924	0.641624029463578	0.493452055190802
-0.452595081875656	0.375560279505044	0.641271910699139	0.492831111911918
-0.452335945516393	0.377289018256434	0.640918547369116	0.492207887721387
-0.452074376175175	0.379016296207726	0.640563940239973	0.49158238788533
-0.451810372785936	0.380742106707979	0.640208090076882	0.490954617681425
-0.45154393429839	0.382466443113702	0.639850997643723	0.49032458239886
-0.451275059678049	0.38418929878889	0.639492663703084	0.489692287338292
-0.451003747906234	0.385910667105044	0.639133089016265	0.489057737811802
-0.450729997980087	0.387630541441211	0.638772274343275	0.488420939142851
-0.450453808912588	0.389348915184003	0.638410220442835	0.487781896666237
-0.450175179732566	0.391065781727635	0.63804692807238	0.487140615728052
-0.449894109484711	0.392781134473946	0.637682397988054	0.486497101685635
-0.449610597229591	0.394494966832434	0.637316630944721	0.485851359907532
-0.44932464204366	0.396207272220282	0.636949627695955	0.485203395773448
-0.449036243019273	0.397918044062386	0.63658138899405	0.484553214674207
-0.448745399264702	0.399627275791386	0.636211915590015	0.483900822011704
-0.448452109904142	0.401334960847694	0.635841208233578	0.483246223198864
-0.448156374077729	0.403041092679523	0.635469267673187	0.482589423659597
-0.447858190941546	0.404745664742914	0.635096094656011	0.481930428828752
-0.447557559667645	0.406448670501765	0.634721689927941	0.481269244152074
-0.447254479444049	0.408150103427861	0.634346054233591	0.48060587508616
-0.44694894947477	0.409849957000902	0.633969188316299	0.479940327098413
-0.446640968979819	0.411548224708528	0.63359109291813	0.479272605667001
-0.446330537195217	0.413244900046354	0.633211768779876	0.478602716280809
-0.446017653373008	0.414939976517993	0.632831216641059	0.477930664439394
-0.445702316781271	0.416633447635083	0.632449437239928	0.477256455652944
-0.445384526704128	0.41832530691732	0.632066431313469	0.476580095442231
-0.445064282441759	0.420015547892485	0.631682199597397	0.475901589338565
-0.444741583310411	0.421704164096468	0.631296742826164	0.475220942883753
-0.444416428642411	0.4233911490733	0.630910061732959	0.474538161630052
-0.444088817786174	0.425076496375181	0.630522157049708	0.473853251140122
-0.443758750106215	0.426760199562503	0.630133029507079	0.473166216986984
-0.443426224983162	0.428442252203884	0.62974267983448	0.472477064753976
-0.443091241813764	0.430122647876193	0.629351108760065	0.471785800034705
-0.442753800010899	0.431801380164577	0.628958317010731	0.471092428433003
-0.442413899003593	0.433478442662488	0.628564305312125	0.470396955562884
-0.442071538237018	0.435153828971714	0.62816907438864	0.469699387048495
-0.441726717172514	0.436827532702403	0.627772624963425	0.468999728524074
-0.441379435287591	0.438499547473092	0.627374957758379	0.468297985633904
-0.441029692075941	0.440169866910735	0.626976073494158	0.467594164032267
-0.440677487047449	0.441838484650728	0.626575972890174	0.466888269383399
-0.440322819728202	0.443505394336938	0.6261746566646	0.466180307361446
-0.439965689660496	0.445170589621731	0.625772125534372	0.465470283650416
-0.439606096402851	0.446834064165997	0.625368380215187	0.464758203944136
-0.439244039530014	0.448495811639177	0.624963421421511	0.464044073946204
-0.438879518632972	0.450155825719294	0.624557249866577	0.463327899369948
-0.43851253331896	0.451814100092975	0.624149866262392	0.462609685938375
-0.43814308321147	0.453470628455479	0.623741271319731	0.461889439384129
-0.437771167950258	0.455125404510728	0.623331465748151	0.461167165449444
-0.437396787191357	0.456778421971328	0.622920450255981	0.4604428698861
-0.437019940607081	0.458429674558598	0.622508225550337	0.459716558455372
-0.436640627886035	0.460079156002599	0.622094792337114	0.458988236927993
-0.436258848733125	0.461726860042158	0.621680151320994	0.458257911084101
-0.435874602869564	0.463372780424893	0.621264303205448	0.457525586713195
-0.43548789003288	0.465016910907243	0.620847248692737	0.456791269614092
-0.435098709976926	0.466659245254494	0.620428988483916	0.456054965594877
-0.434707062471887	0.468299777240803	0.62000952327884	0.455316680472859
-0.434312947304285	0.469938500649225	0.619588853776157	0.454576420074526
-0.433916364276992	0.471575409271741	0.619166980673322	0.453834190235497
-0.433517313209231	0.473210496909283	0.618743904666594	0.453089996800477
-0.43311579393659	0.474843757371759	0.618319626451039	0.452343845623211
-0.432711806311024	0.476475184478081	0.617894146720534	0.451595742566438
-0.432305350200865	0.47810477205619	0.61746746616777	0.450845693501845
-0.431896425490828	0.479732513943082	0.617039585484256	0.450093704310018
-0.431485032082018	0.481358403984833	0.616610505360318	0.449339780880402
-0.431071169891937	0.482982436036628	0.616180226485107	0.448583929111247
-0.430654838854489	0.48460460396278	0.615748749546601	0.447826154909567
-0.430236038919991	0.486224901636766	0.615316075231604	0.447066464191095
-0.429814770055174	0.487843322941242	0.614882204225756	0.44630486288023
-0.429391032243192	0.489459861768075	0.614447137213528	0.445541356909998
-0.428964825483629	0.491074512018367	0.614010874878235	0.444775952221999
-0.428536149792503	0.49268726760248	0.613573417902032	0.444008654766366
-0.428105005202272	0.494298122440061	0.613134766965918	0.443239470501716
-0.427671391761845	0.495907070460068	0.612694922749744	0.442468405395103
-0.427235309536577	0.497514105600795	0.612253885932211	0.441695465421973
-0.426796758608287	0.499119221809898	0.611811657190877	0.440920656566116
-0.426355739075254	0.500722413044418	0.611368237202159	0.44014398481962
-0.425912251052227	0.502323673270808	0.610923626641337	0.439365456182827
-0.425466294670429	0.503922996464958	0.610477826182558	0.438585076664279
-0.425017870077562	0.505520376612219	0.610030836498839	0.437802852280681
-0.424566977437813	0.507115807707427	0.609582658262069	0.437018789056847
-0.424113616931857	0.50870928375493	0.609133292143017	0.436232893025657
-0.423657788756864	0.510300798768613	0.608682738811331	0.435445170228007
-0.423199493126502	0.511890346771918	0.608230998935545	0.434655626712766
-0.422738730270941	0.513477921797874	0.607778073183083	0.433864268536726
-0.42227550043686	0.515063517889121	0.607323962220259	0.433071101764558
-0.421809803887449	0.51664712909793	0.606868666712286	0.432276132468763
-0.421341640902415	0.518228749486231	0.606412187323275	0.431479366729626
-0.420871011777984	0.519808373125639	0.605954524716243	0.430680810635168
