0.284834498115992	0.57408358342018	-0.339770187682896	0.688370225599848
0.286581888547436	0.57415133438975	-0.339333521735068	0.68780362560976
0.288328403347638	0.574216235859016	-0.338894947134712	0.687235520840902
0.290074036060974	0.574278285660055	-0.33845446859766	0.686665913606406
0.291818780235131	0.574337481642424	-0.338012090850876	0.686094806219474
0.293562629421139	0.574393821673175	-0.337567818632414	0.685522200993363
0.295305577173398	0.574447303636871	-0.33712165669138	0.68494810024138
0.297047617049702	0.574497925435607	-0.336673609787884	0.684372506276861
0.298788742611273	0.574545684989027	-0.336223682693004	0.683795421413173
0.300528947422782	0.574590580234338	-0.335771880188737	0.683216847963692
0.302268225052383	0.574632609126328	-0.335318207067964	0.682636788241798
0.304006569071736	0.574671769637386	-0.334862668134401	0.682055244560862
0.305743973056035	0.574708059757514	-0.334405268202563	0.681472219234238
0.307480430584038	0.574741477494347	-0.333946012097713	0.680887714575247
0.309215935238092	0.57477202087317	-0.33348490465583	0.680301732897173
0.310950480604162	0.574799687936929	-0.333021950723556	0.679714276513248
0.312684060271859	0.574824476746253	-0.332557155158162	0.679125347736639
0.314416667834464	0.57484638537947	-0.332090522827499	0.678534948880446
0.31614829688896	0.574865411932617	-0.331622058609959	0.677943082257681
0.317878941036056	0.574881554519463	-0.331151767394432	0.677349750181268
0.319608593880216	0.57489481127152	-0.330679654080259	0.676754954964022
0.321337249029687	0.57490518033806	-0.330205723577195	0.676158698918647
0.323064900096523	0.574912659886131	-0.329729980805361	0.675560984357721
0.324791540696616	0.574917248100573	-0.329252430695206	0.674961813593689
0.326517164449721	0.57491894318403	-0.328773078187457	0.674361188938847
0.328241764979485	0.574917743356968	-0.328291928233084	0.67375911270534
0.329965335913472	0.574913646857691	-0.32780898579325	0.673155587205144
0.331687870883191	0.574906651942349	-0.32732425583927	0.672550614750059
0.333409363524126	0.574896756884963	-0.32683774335257	0.671944197651701
0.335129807475758	0.574883959977432	-0.326349453324641	0.671336338221488
0.336849196381596	0.574868259529548	-0.325859390756996	0.670727038770632
0.338567523889202	0.574849653869014	-0.325367560661127	0.670116301610129
0.340284783650219	0.574828141341456	-0.324873968058462	0.669504129050748
0.342000969320398	0.574803720310436	-0.32437861798032	0.668890523403022
0.343716074559625	0.574776389157467	-0.323881515467867	0.668275486977238
0.345430093031948	0.574746146282028	-0.323382665572077	0.667659022083426
0.347143018405601	0.574712990101575	-0.32288207335368	0.667041131031351
0.348854844353037	0.574676919051559	-0.322379743883128	0.666421816130501
0.350565564550949	0.574637931585432	-0.321875682240543	0.66580107969008
0.352275172680301	0.574596026174668	-0.321369893515677	0.665178924018994
0.353983662426352	0.574551201308771	-0.320862382807867	0.664555351425847
0.355691027478684	0.574503455495292	-0.320353155225995	0.663930364218927
0.357397261531229	0.574452787259838	-0.319842215888434	0.663303964706196
0.359102358282293	0.574399195146087	-0.319329569923017	0.662676155195284
0.360806311434589	0.5743426777158	-0.318815222466983	0.662046937993478
0.362509114695256	0.574283233548833	-0.318299178666935	0.661416315407711
0.364210761775891	0.574220861243154	-0.317781443678801	0.660784289744553
0.365911246392575	0.574155559414845	-0.317262022667783	0.660150863310203
0.367610562265894	0.574087326698125	-0.316740920808316	0.65951603841048
0.369308703120976	0.574016161745357	-0.316218143284023	0.65887981735081
0.371005662687507	0.573942063227058	-0.315693695287671	0.658242202436221
0.372701434699763	0.573865029831916	-0.315167582021128	0.65760319597133
0.374396012896637	0.573785060266797	-0.314639808695316	0.656962800260338
0.376089391021662	0.573702153256757	-0.314110380530165	0.656321017607018
0.377781562823039	0.573616307545058	-0.313579302754575	0.655677850314703
0.379472522053666	0.573527521893171	-0.313046580606366	0.655033300686286
0.381162262471161	0.573435795080797	-0.312512219332233	0.654387371024199
0.382850777837887	0.573341125905869	-0.311976224187706	0.653740063630413
0.384538061920983	0.573243513184568	-0.311438600437101	0.653091380806428
0.386224108492387	0.573142955751333	-0.310899353353476	0.65244132485326
0.387908911328863	0.573039452458868	-0.310358488218588	0.651789898071433
0.389592464212027	0.572933002178159	-0.309816010322848	0.651137102760974
0.391274760928372	0.57282360379848	-0.309271924965272	0.650482941221399
0.392955795269299	0.572711256227401	-0.308726237453443	0.64982741575171
0.394635561031135	0.572595958390805	-0.30817895310346	0.649170528650379
0.396314052015167	0.57247770923289	-0.307630077239897	0.648512282215346
0.397991262027661	0.572356507716187	-0.307079615195755	0.647852678744008
0.399667184879896	0.572232352821562	-0.306527572312419	0.647191720533207
0.401341814388182	0.57210524354823	-0.305973953939614	0.646529409879227
0.40301514437389	0.571975178913763	-0.305418765435355	0.645865749077782
0.404687168663479	0.5718421579541	-0.304862012165908	0.645200740424009
0.406357881088518	0.571706179723557	-0.304303699505738	0.644534386212456
0.408027275485714	0.571567243294833	-0.303743832837473	0.64386668873708
0.40969534569694	0.571425347759022	-0.303182417551848	0.643197650291232
0.411362085569256	0.57128049222562	-0.302619459047669	0.642527273167654
0.413027488954939	0.571132675822534	-0.302054962731761	0.641855559658468
0.414691549711505	0.570981897696091	-0.301488934018927	0.641182512055165
0.416354261701738	0.570828157011047	-0.300921378331899	0.640508132648604
0.418015618793715	0.570671452950594	-0.300352301101298	0.639832423728996
0.419675614860828	0.570511784716366	-0.299781707765581	0.639155387585902
0.421334243781814	0.570349151528454	-0.299209603771001	0.638477026508221
0.422991499440781	0.570183552625406	-0.298635994571563	0.637797342784183
0.424647375727228	0.570014987264239	-0.298060885628969	0.637116338701341
0.426301866536075	0.569843454720447	-0.297484282412586	0.636434016546565
0.427954965767687	0.569668954288006	-0.296906190399387	0.63575037860603
0.4296066673279	0.569491485279383	-0.296326615073915	0.635065427165211
0.431256965128047	0.569311047025543	-0.295745561928234	0.634379164508876
0.43290585308498	0.569127638875956	-0.295163036461882	0.633691592921073
0.4345533251211	0.568941260198603	-0.294579044181825	0.633002714685129
0.436199375164377	0.568751910379986	-0.293993590602416	0.632312532083638
0.437843997148381	0.568559588825131	-0.293406681245342	0.631621047398454
0.439487185012303	0.568364294957596	-0.292818321639586	0.630928262910683
0.441128932700982	0.568166028219478	-0.292228517321374	0.630234180900677
0.442769234164928	0.567964788071419	-0.291637273834132	0.629538803648025
0.44440808336035	0.567760573992612	-0.291044596728444	0.628842133431545
0.446045474249179	0.567553385480807	-0.290450491561998	0.628144172529279
0.447681400799094	0.567343222052319	-0.289854963899547	0.627444923218482
0.449315856983547	0.567130083242028	-0.289258019312859	0.626744387775617
0.450948836781787	0.566913968603393	-0.288659663380674	0.626042568476346
0.452580334178885	0.566694877708451	-0.288059901688653	0.625339467595526
