0.189831163132022	-0.131479421928261	0.79890301814846	0.555365878234012
0.189422099301353	-0.130209885798737	0.799858309251714	0.554428840391206
0.189012724422681	-0.128940805265627	0.800811164580447	0.55348887741948
0.188603043403987	-0.127672184145881	0.801761579717023	0.552545993292719
0.188193061151032	-0.126404026248672	0.802709550251932	0.551600192002387
0.187782782567316	-0.12513633537538	0.80365507178381	0.550651477557498
0.187372212554036	-0.123869115319587	0.804598139919465	0.549699853984595
0.186961356010047	-0.122602369867064	0.805538750273895	0.54874532532773
0.186550217831816	-0.121336102795768	0.806476898470317	0.547787895648429
0.186138802913385	-0.120070317875826	0.80741258014019	0.546827569025678
0.185727116146325	-0.11880501886953	0.808345790923231	0.545864349555891
0.185315162419701	-0.117540209531326	0.809276526467451	0.544898241352887
0.184902946620023	-0.116275893607805	0.810204782429165	0.543929248547869
0.18449047363121	-0.115012074837696	0.811130554473024	0.542957375289391
0.184077748334547	-0.113748756951855	0.812053838272036	0.54198262574334
0.183664775608644	-0.11248594367326	0.812974629507585	0.541005004092908
0.183251560329394	-0.111223638716995	0.813892923869461	0.540024514538565
0.182838107369934	-0.109961845790249	0.814808717055879	0.539041161298036
0.182424421600601	-0.108700568592303	0.815722004773499	0.538054948606274
0.182010507888895	-0.107439810814525	0.816632782737457	0.537065880715432
0.181596371099433	-0.106179576140357	0.817541046671381	0.536073961894844
0.181182016093912	-0.10491986824531	0.818446792307415	0.535079196430991
0.180767447731066	-0.103660690796957	0.819350015386246	0.534081588627479
0.180352670866628	-0.102402047454921	0.820250711657121	0.533081142805015
0.179937690353284	-0.101143941870868	0.821148876877874	0.532077863301374
0.179522511040637	-0.0998863776885013	0.822044506814945	0.531071754471378
0.179107137775166	-0.0986293585435526	0.822937597243408	0.53006282068687
0.178691575400182	-0.0973728880637722	0.823828143946989	0.529051066336682
0.178275828755792	-0.0961169698689234	0.824716142718089	0.528036495826613
0.177859902678853	-0.0948616075707738	0.825601589357808	0.527019113579401
0.177443802002938	-0.0936068047730882	0.826484479675968	0.525998924034697
0.17702753155829	-0.0923525650716206	0.827364809491134	0.524975931649033
0.176611096171784	-0.0910988920541069	0.828242574630636	0.523950140895802
0.176194500666887	-0.0898457893002574	0.829117770930593	0.522921556265225
0.175777749863617	-0.0885932603817496	0.829990394235934	0.521890182264329
0.175360848578505	-0.0873413088622212	0.830860440400422	0.520856023416912
0.174943801624548	-0.0860899382972622	0.831727905286673	0.519819084263522
0.174526613811179	-0.0848391522344084	0.832592784766183	0.51877936936143
0.174109289944219	-0.0835889542131339	0.833455074719345	0.517736883284594
0.173691834825841	-0.0823393477648451	0.834314771035475	0.51669163062364
0.173274253254528	-0.0810903364128725	0.835171869612831	0.515643615985829
0.172856550025035	-0.0798419236724646	0.836026366358639	0.51459284399503
0.172438729928346	-0.0785941130507816	0.83687825718911	0.513539319291695
0.172020797751639	-0.0773469080468876	0.837727538029467	0.512483046532823
0.171602758278243	-0.0761003121517448	0.838574204813963	0.51142403039194
0.171184616287597	-0.074854328848207	0.839418253485903	0.510362275559066
0.170766376555216	-0.0736089616110129	0.840259679997671	0.509297786740687
0.170348043852644	-0.0723642139067797	0.841098480310744	0.508230568659726
0.169929622947421	-0.0711200891939973	0.84193465039572	0.507160626055515
0.169511118603041	-0.069876590923021	0.842768186232336	0.506087963683767
0.169092535578911	-0.0686337225360667	0.843599083809491	0.505012586316544
0.168673878630315	-0.067391487467204	0.844427339125268	0.503934498742231
0.168255152508372	-0.0661498891423503	0.845252948186956	0.502853705765503
0.167836361959998	-0.0649089309792649	0.846075907011068	0.501770212207302
0.167417511727866	-0.0636686163875434	0.846896211623367	0.5006840229048
0.166998606550371	-0.0624289487686115	0.847713858058886	0.499595142711375
0.166579651161582	-0.0611899315157196	0.848528842361947	0.498503576496579
0.166160650291215	-0.0599515680139375	0.849341160586186	0.497409329146108
0.165741608664582	-0.0587138616401477	0.850150808794571	0.496312405561775
0.165322531002563	-0.0574768157630411	0.850957783059424	0.495212810661475
0.164903422021558	-0.0562404337431111	0.851762079462446	0.494110549379162
0.164484286433455	-0.0550047189326482	0.852563694094732	0.49300562666481
0.164065128945587	-0.0537696746757349	0.853362623056796	0.491898047484392
0.163645954260698	-0.0525353043082403	0.854158862458593	0.490787816819843
0.163226767076899	-0.0513016111578153	0.854952408419536	0.489674939669032
0.162807572087634	-0.0500685985438873	0.85574325706852	0.488559421045733
0.162388373981637	-0.0488362697776551	0.856531404543941	0.487441265979591
0.161969177442901	-0.0476046281620845	0.857316846993721	0.486320479516094
0.161549987150631	-0.046373676991903	0.858099580575324	0.485197066716541
0.161130807779213	-0.0451434195535951	0.858879601455776	0.484071032658011
0.16071164399817	-0.0439138591253978	0.859656905811694	0.482942382433334
0.160292500472128	-0.0426849989772958	0.860431489829297	0.481811121151057
0.159873381860779	-0.0414568423710175	0.861203349704431	0.480677253935414
0.159454292818837	-0.0402293925600293	0.861972481642591	0.479540785926296
0.159035237996006	-0.039002652789533	0.862738881858939	0.478401722279217
0.158616222036939	-0.0377766262964594	0.863502546578325	0.477260068165286
0.158197249581202	-0.0365513163094659	0.86426347203531	0.476115828771172
0.157778325263236	-0.0353267260489314	0.86502165447418	0.474969009299074
0.157359453712317	-0.0341028587269521	0.865777090148976	0.47381961496669
0.156940639552522	-0.0328797175473377	0.866529775323506	0.472667651007183
0.156521887402688	-0.0316573057056075	0.867279706271367	0.471513122669151
0.15610320187638	-0.0304356263889864	0.86802687927597	0.470356035216594
0.155684587581845	-0.0292146827764014	0.868771290630554	0.469196393928883
0.155266049121984	-0.0279944780384773	0.86951293663821	0.468034204100725
0.154847591094308	-0.0267750153375333	0.8702518136119	0.466869471042135
0.154429218090904	-0.0255562978275794	0.870987917874477	0.465702200078401
0.154010934698397	-0.0243383286543129	0.871721245758705	0.46453239655005
0.153592745497913	-0.0231211109551147	0.872451793607278	0.463360065812818
0.153174655065043	-0.0219046478590464	0.873179557772842	0.462185213237617
0.152756667969804	-0.0206889424868464	0.873904534618013	0.461007844210501
0.152338788776603	-0.0194739979509271	0.874626720515398	0.459827964132635
0.151921022044203	-0.0182598173553714	0.875346111847615	0.458645578420261
0.151503372325682	-0.0170464037959297	0.87606270500731	0.457460692504663
0.151085844168399	-0.0158337603600171	0.876776496397181	0.456273311832139
0.150668442113956	-0.01462189012671	0.877487482429993	0.455083441863961
0.150251170698163	-0.0134107961667435	0.878195659528602	0.453891088076347
0.149834034451	-0.0122004815425086	0.878901024125969	0.452696255960428
0.149417037896582	-0.010990949308049	0.879603572665189	0.451498951022209
0.149000185553123	-0.00978220250905921	0.880303301599497	0.450299178782542
0.148583481932898	-0.00857424418288135	0.8810002073923	0.449096944777086
