-0.00803575545598947	-0.480156018160609	-0.014123650295633	0.877032580558287
-0.00758820454696825	-0.479205821629506	-0.0126511032577011	0.877578571556135
-0.00714143528571217	-0.478254644734119	-0.0111776689737375	0.878121036309127
-0.00669544655343349	-0.477302493124253	-0.00970335305727746	0.878659971770803
-0.0062502372237965	-0.476349372448219	-0.00822816113024064	0.879195374912339
-0.00580580616294118	-0.475395288352802	-0.00675209882290348	0.879727242722562
-0.00536215222950689	-0.474440246483224	-0.00527517177387165	0.880255572207959
-0.00491927427465608	-0.473484252483107	-0.00379738563005225	0.880780360392703
-0.00447717114209808	-0.472527311994435	-0.00231874604662605	0.881301604318663
-0.00403584166811299	-0.471569430657514	-0.000839258687019684	0.881819301045421
-0.0035952846815755	-0.470610614110942	0.000641070777122286	0.882333447650286
-0.00315549900397889	-0.469650867991565	0.0021222366659653	0.882844041228313
-0.00271648344945902	-0.468690197934445	0.00360423329151284	0.883351078892316
-0.00227823682481836	-0.467728609572823	0.00508705495763445	0.883854557772885
-0.00184075792955014	-0.466766108538077	0.00657069596009393	0.884354475018397
-0.00140404555586252	-0.465802700459692	0.00805515058657745	0.884850827795038
-0.000968098488702692	-0.46483839096522	0.0095404131167219	0.88534361328681
-0.000532915505781316	-0.463873185680243	0.011026477822143	0.885832828695552
-9.84953775966333e-05	-0.46290709022834	0.012513338966464	0.886318471240954
0.000335163132540998	-0.461940110231045	0.0140009908053437	0.886800538160568
0.000768061268484764	-0.460972251307814	0.0154894275865051	0.887279026709826
0.00120020028122695	-0.46000351907599	0.016978643549764	0.887753934162051
0.00163158142887436	-0.459033919150764	0.0184686329270576	0.888225257808477
0.00206220597662382	-0.458063457145139	0.019959389942473	0.888692994958257
0.00249207519673742	-0.457092138669894	0.0214509088122758	0.889157142938482
0.0029211903685181	-0.456119969333551	0.0229431837449392	0.889617699094188
0.00334955277828473	-0.455146954742332	0.0244362089411727	0.89007466078838
0.00377716371934741	-0.454173100500132	0.0259299785939507	0.890528025402037
0.00420402449198266	-0.453198412208475	0.0274244868885417	0.89097779033413
0.00463013640340845	-0.452222895466482	0.0289197280025372	0.891423953001632
0.00505550076775956	-0.451246555870834	0.0304156961058806	0.891866510839538
0.00548011890606242	-0.450269399015738	0.0319123853608967	0.89230546130087
0.00590399214621009	-0.449291430492889	0.0334097899223202	0.892740801856697
0.00632712182293727	-0.448312655891436	0.0349079039373255	0.893172529996141
0.00674950927779509	-0.447333080797943	0.0364067215455554	0.893600643226399
0.0071711558591263	-0.446352710796359	0.0379062368791509	0.894025139072748
0.00759206292203976	-0.445371551467979	0.0394064440627805	0.894446015078562
0.00801223182838517	-0.444389608391408	0.040907337213669	0.894863268805322
0.00843166394672798	-0.443406887142528	0.0424089104416278	0.89527689783263
0.00885036065232399	-0.442423393294459	0.0439111578490837	0.895686899758221
0.00926832332709392	-0.441439132417527	0.0454140735311091	0.896093272197976
0.00968555335959806	-0.440454110079229	0.046917651575451	0.896496012785934
0.0101020521450108	-0.439468331844197	0.0484218860625613	0.896895119174301
0.0105178210850951	-0.438481803274159	0.0499267710656261	0.897290589033466
0.0109328615881769	-0.437494529927911	0.0514323006505953	0.897682420052012
0.0113471750691195	-0.436506517361277	0.0529384688762131	0.898070609936725
0.011760762949298	-0.435517771127076	0.0544452697940474	0.89845515641261
0.0121736266565736	-0.434528296775085	0.0559526974485195	0.898836057222898
0.012585767625268	-0.43353809985201	0.0574607458769347	0.899213310129058
0.0129971872961371	-0.432547185901443	0.058969409109512	0.899586912910813
0.0134078871163458	-0.431555560463832	0.0604786811694142	0.899956863366146
0.0138178685394421	-0.430563229076449	0.0619885560727779	0.900323159311311
0.0142271330253305	-0.429570197273348	0.0634990278287439	0.900685798580849
0.0146356820402469	-0.428576470585337	0.0650100904394875	0.901044779027592
0.0150435170567324	-0.427582054539943	0.0665217379002486	0.901400098522679
0.0154506395536067	-0.426586954661372	0.0680339641993616	0.901751754955565
0.0158570510159428	-0.425591176470483	0.0695467633182871	0.902099746234028
0.0162627529350404	-0.424594725484744	0.0710601292316406	0.902444070284187
0.0166677468083999	-0.423597607218208	0.0725740559072245	0.902784725050504
0.0170720341396966	-0.422599827181472	0.0740885373060578	0.903121708495799
0.0174756164387535	-0.421601390881646	0.0756035673824069	0.903455018601259
0.0178784952215161	-0.420602303822316	0.077119140083816	0.903784653366446
0.0182806720100255	-0.419602571503515	0.0786352493511383	0.90411061080931
0.0186821483323919	-0.418602199421683	0.080151889118566	0.904432888966197
0.0190829257227688	-0.417601193069639	0.0816690533136618	0.904751485891857
0.0194830057213261	-0.416599557936542	0.0831867358573892	0.905066399659458
0.0198823898742237	-0.415597299507863	0.0847049306641433	0.905377628360588
0.0202810797335854	-0.414594423265346	0.0862236316417826	0.905685170105273
0.0206790768574717	-0.413590934686978	0.0877428326916588	0.905989023021978
0.0210763828098536	-0.412586839246954	0.0892625277086484	0.906289185257622
0.0214729991605859	-0.411582142415642	0.0907827105811834	0.906585654977583
0.0218689274853809	-0.410576849659554	0.0923033751912833	0.906878430365709
0.022264169365781	-0.40957096644131	0.093824515414585	0.907167509624326
0.0226587263891327	-0.408564498219604	0.095346125120375	0.907452890974245
0.0230526001485592	-0.407557450449171	0.0968681981716197	0.907734572654774
0.0234457922429342	-0.406549828580757	0.0983907284249979	0.908012552923723
0.0238383042768545	-0.405541638061082	0.0999137097309309	0.908286830057412
0.0242301378606134	-0.404532884332809	0.101437135933615	0.908557402350682
0.0246212946101739	-0.403523572834511	0.10296100087105	0.908824268116901
0.0250117761471415	-0.402513709000638	0.104485298375077	0.909087425687973
0.0254015840987377	-0.401503298261484	0.106010022271403	0.909346873414343
0.0257907200977722	-0.400492346043154	0.107535166379636	0.909602609665008
0.0261791857826164	-0.399480857767533	0.109060724513315	0.909854632827523
0.0265669827971764	-0.398468838852251	0.110586690479945	0.910102941308007
0.0269541127908657	-0.397456294710654	0.112113058081023	0.910347533531154
0.0273405774185777	-0.396443230751767	0.113639821112075	0.910588407940237
0.0277263783406592	-0.395429652380265	0.115166973362686	0.910825562997115
0.0281115172228829	-0.394415564996439	0.116694508616529	0.911058997182243
0.02849599573642	-0.393400973996167	0.118222420651404	0.911288708994674
0.0288798155578127	-0.392385884770876	0.119750703239259	0.911514696952071
0.0292629783689478	-0.391370302707514	0.121279350146234	0.911736959590711
0.0296454858570286	-0.39035423318852	0.122808355132683	0.91195549546549
0.0300273397145474	-0.389337681591786	0.124337711953213	0.912170303149933
0.0304085416392588	-0.38832065329063	0.125867414356711	0.912381381236195
0.0307890933341516	-0.387303153653762	0.127397456086381	0.912588728335075
0.0311689965074215	-0.386285188045253	0.12892783087977	0.912792343076015
0.031548252872444	-0.385266761824504	0.130458532468805	0.912992224107107
0.0319268641477464	-0.384247880346213	0.131989554579827	0.913188370095104
0.0323048320569803	-0.383228548960342	0.133520890933614	0.913380779725419
0.0326821583288943	-0.382208773012091	0.135052535245426	0.913569451702135
