0.0688833331234131	-0.0357181565438808	0.880725780777912	0.467227352350067
0.068393743977451	-0.0343235659442137	0.881348420700634	0.466228645552929
0.0679044782252501	-0.0329295879691853	0.881968366683409	0.465227282350181
0.0674155408963187	-0.0315362266716597	0.882585615734484	0.464223267568043
0.0669269370140758	-0.0301434860972539	0.883200164870923	0.463216606049257
0.0664386715958106	-0.0287513702843274	0.883812011118621	0.462207302653058
0.0659507496526421	-0.0273598832639739	0.884421151512321	0.461195362255148
0.0654631761894793	-0.0259690290600115	0.885027583095631	0.460180789747651
0.0649759562049807	-0.0245788116889735	0.885631302921038	0.459163590039097
0.0644890946915147	-0.0231892351600999	0.886232308049925	0.458143768054375
0.0640025966351193	-0.0218003034753278	0.886830595552586	0.457121328734715
0.0635164670154621	-0.0204120206292826	0.887426162508242	0.456096277037642
0.0630307108058011	-0.0190243906092693	0.888019006005058	0.455068617936955
0.0625453329729443	-0.0176374173952635	0.888609123140154	0.454038356422687
0.0620603384772101	-0.0162511049599027	0.889196511019628	0.453005497501076
0.0615757322723883	-0.0148654572684778	0.889781166758564	0.451970046194532
0.0610915193056997	-0.013480478278924	0.890363087481051	0.450932007541605
0.0606077045177573	-0.0120961719418129	0.890942270320202	0.44989138659695
0.0601242928425268	-0.0107125422003435	0.891518712418162	0.448848188431294
0.0596412892072869	-0.00932959299033392	0.892092410926129	0.447802418131406
0.0591586985325907	-0.00794732824021316	0.892663363004366	0.446754080800061
0.058676525732226	-0.00656575187101269	0.893231565822221	0.445703181556008
0.0581947757131764	-0.00518486779635836	0.893797016558135	0.444649725533936
0.0577134533755824	-0.00380467992246198	0.894359712399664	0.443593717884442
0.0572325636127026	-0.00242519214811354	0.894919650543492	0.442535163773996
0.0567521113108743	-0.00104640836467298	0.895476828195444	0.441474068384905
0.0562721013494753	0.000331667543937743	0.896031242570504	0.440410436915287
0.0557925386008848	0.00170903170124246	0.896582890892828	0.439344274579028
0.0553134279304452	0.00308568023821873	0.897131770395762	0.438275586605753
0.0548347741964231	0.00446160929330555	0.897677878321852	0.437204378240794
0.0543565822499709	0.00583681501241104	0.898221211922865	0.436130654745149
0.0538788569350889	0.00721129354892018	0.8987617684598	0.435054421395454
0.0534016030885863	0.0085850410637022	0.899299545202901	0.433975683483947
0.0529248255400434	0.00995805372511835	0.89983453943168	0.432894446318431
0.0524485291117735	0.0113303277090289	0.90036674843492	0.431810715222244
0.0519727186187843	0.0127018591988013	0.900896169510704	0.43072449553422
0.0514973988687406	0.0140726443853163	0.901422799966414	0.429635792608658
0.0510225746619258	0.0154426794669764	0.901946637118758	0.428544611815282
0.0505482507912043	0.0168119606497125	0.902467678293781	0.427450958539215
0.0500744320419838	0.0181804841469907	0.902985920826877	0.426354838180934
0.0496011231921774	0.0195482461798199	0.903501362062806	0.425256256156241
0.0491283290121665	0.0209152429767586	0.904013999355707	0.424155217896226
0.0486560542647625	0.0222814707739218	0.904523830069117	0.423051728847231
0.04818430370517	0.0236469258149876	0.905030851575977	0.421945794470819
0.0477130820809492	0.0250116043512045	0.905535061258655	0.420837420243731
0.0472423941319784	0.0263755026413978	0.906036456508956	0.419726611657858
0.0467722445904174	0.0277386169519763	0.906535034728137	0.418613374220199
0.0463026381806699	0.0291009435569388	0.90703079332692	0.417497713452832
0.0458335796193464	0.0304624787378811	0.907523729725511	0.41637963489287
0.0453650736152276	0.0318232187840018	0.908013841353606	0.415259144092432
0.0448971248692273	0.0331831599921091	0.908501125650415	0.414136246618603
0.0444297380743558	0.0345422986666273	0.908985580064667	0.413010948053402
0.0439629179156829	0.0359006311196026	0.909467202054632	0.411883253993741
0.0434966690703016	0.0372581536707096	0.909945989088128	0.410753170051392
0.0430309962072911	0.0386148626472576	0.91042193864254	0.409620701852947
0.0425659039876812	0.0399707543841962	0.910895048204832	0.408485855039788
0.0421013970644149	0.041325825224122	0.911365315271562	0.407348635268042
0.0416374800823127	0.0426800715172839	0.911832737348893	0.406209048208553
0.0411741576780364	0.0440334896215893	0.912297311952612	0.405067099546839
0.0407114344800529	0.04538607590261	0.912759036608137	0.403922794983057
0.040249315108598	0.0467378267335879	0.913217908850538	0.402776140231967
0.0397878041756406	0.0480887384954404	0.913673926224544	0.401627141022894
0.0393269062848468	0.0494388075767667	0.914127086284564	0.400475803099692
0.0388666260315445	0.0507880303738528	0.914577386594693	0.399322132220706
0.0384069680026867	0.0521364032906772	0.915024824728729	0.398166134158734
0.0379479367768172	0.0534839227389161	0.91546939827019	0.397007814700992
0.037489536924034	0.0548305851379497	0.915911104812321	0.395847179649073
0.0370317730059545	0.0561763869148659	0.916349941958112	0.394684234818913
0.0365746495756797	0.0575213245044674	0.916785907320311	0.393518986040752
0.0361181711777595	0.0588653943492756	0.917218998521435	0.392351439159096
0.0356623423481569	0.0602085928995359	0.917649213193785	0.39118160003268
0.0352071676142134	0.0615509166132235	0.918076548979461	0.390009474534428
0.0347526514946137	0.0628923619560476	0.91850100353037	0.388835068551418
0.0342987984993511	0.0642329254014565	0.918922574508246	0.387658387984845
0.0338456131296922	0.0655726034306432	0.919341259584659	0.386479438749974
0.0333930998781428	0.0669113925325491	0.919757056441028	0.385298226776116
0.0329412632284124	0.0682492892038696	0.920169962768635	0.384114758006578
0.0324901076553805	0.0695862899490583	0.92057997626864	0.382929038398628
0.0320396376250618	0.070922391280332	0.92098709465209	0.38174107392346
0.0315898575945715	0.072257589717675	0.921391315639935	0.380550870566152
0.0311407720120914	0.0735918817888436	0.921792636963041	0.379358434325627
0.0306923853168357	0.0749252640293709	0.9221910563622	0.378163771214617
0.0302447019390165	0.0762577329825706	0.922586571588147	0.37696688725962
0.0297977262998104	0.077589285199542	0.922979180401569	0.375767788500869
0.0293514628113239	0.0789199172391734	0.923368880573119	0.374566480992282
0.02890591587656	0.080249625668147	0.923755669883431	0.373362970801434
0.0284610898893842	0.081578407060943	0.924139546123129	0.37215726400951
0.0280169892344911	0.0829062579998434	0.924520507092842	0.37094936671127
0.0275736182873706	0.084233175074936	0.924898550603216	0.369739285015007
0.0271309814142744	0.0855591548841182	0.925273674474926	0.36852702504251
0.0266890829721828	0.0868841940331015	0.92564587653869	0.367312592929024
0.0262479273087712	0.0882082891354147	0.926015154635279	0.366095994823211
0.0258075187623773	0.0895314368124083	0.926381506615533	0.364877236887107
0.0253678616619672	0.0908536336932571	0.926744930340369	0.363656325296089
0.0249289603271031	0.0921748764149648	0.927105423680798	0.362433266238826
0.0244908190679102	0.0934951616223676	0.927462984517932	0.361208065917251
0.0240534421850435	0.0948144859681371	0.927817610743001	0.359980730546509
0.0236168339696557	0.0961328461127841	0.928169300257363	0.358751266354926
0.0231809987033639	0.0974502387246621	0.928518050972516	0.357519679583965
0.0227459406582175	0.0987666604799704	0.928863860810112	0.356285976488185
