HILS_iter_1

0.014037458883191 0.665842886777938 0.148523956904439 0.731024505003694



HILS_iter_2

0.012240160543887 0.668707345347544 0.381447307443201 0.638104345849458



HILS_iter_3

-0.004675672789469 0.343439860839261 0.561642956055559 0.752717982622946



HILS_iter_4

0.007765628426400 0.378659579268199 0.433413516495921 0.817746502096544



HILS_iter_5

-0.045175812763796 0.574000582065482 0.425033076847851 0.698446529665071



HILS_iter_11

-0.077305285995776 0.812602297422261 0.270583936961564 0.510378020052187



HILS_iter_12

0.008519955787712 0.119817993371535 0.028305624383263 0.992354797055053



HILS_iter_13

-1.000000000000000 1.000000000000000 1.000000000000000 1.000000000000000



HILS_iter_14

-0.012133024206264 0.716699551777805 -0.007532521096588 0.697235830463521



HILS_iter_15

-0.014467397100834 -0.060020195587759 -0.209885233070247 0.975774437909314



HILS_iter_16

-1.000000000000000 1.000000000000000 1.000000000000000 1.000000000000000



HILS_iter_18

0.002788471739989 0.363356929884563 0.231437140452668 0.902441583086363



HILS_iter_19

-0.011054704775480 0.189122885799449 0.102294891141351 0.976548038025108



HILS_iter_20

0.017205618448587 0.210799831044695 0.623505638549530 0.752665927907189



HILS_iter_21

-1.000000000000000 1.000000000000000 1.000000000000000 1.000000000000000



HILS_iter_22

-1.000000000000000 1.000000000000000 1.000000000000000 1.000000000000000



HILS_iter_23

-1.000000000000000 1.000000000000000 1.000000000000000 1.000000000000000



HILS_iter_24

-1.000000000000000 1.000000000000000 1.000000000000000 1.000000000000000



HILS_iter_25

-1.000000000000000 1.000000000000000 1.000000000000000 1.000000000000000



HILS_iter_26

-1.000000000000000 1.000000000000000 1.000000000000000 1.000000000000000



HILS_iter_27

-0.032975530564058 -0.106038090208908 -0.347049176362550 0.931249167215198



HILS_iter_28

0.009506944208370 -0.262941296317897 -0.539081796266977 0.800101429916137



HILS_iter_29

0.030899816380329 0.360817308258866 0.228015521893612 0.903805825289223



HILS_iter_30

-0.028344379447507 0.588310413807624 0.029469389044709 0.807600772802013



HILS_iter_31

-1.000000000000000 1.000000000000000 1.000000000000000 1.000000000000000



HILS_iter_34

0.025862307801892 0.739850672066746 0.430213331541498 0.516593276113693



HILS_iter_36

-1.000000000000000 1.000000000000000 1.000000000000000 1.000000000000000



HILS_iter_37

0.027850138866850 0.495977767115304 0.197030014332295 0.845227541665201



HILS_iter_39

0.005240919208372 -0.051583058642002 0.282107266154274 0.957980794276283



HILS_iter_40

0.024367286350822 0.023532273466808 0.429925201562201 0.902228789136427



HILS_iter_41

-0.007884624154417 0.501081790891890 -0.278503008684550 0.819322819041868



HILS_iter_42

0.007943939907888 0.168137148513104 0.218398202599412 0.961233071703028



HILS_iter_43

-0.060997177756564 0.859514564502200 -0.005916505007818 0.507423931681595



HILS_iter_44

0.015432509947308 -0.135877700176514 0.711435701431141 0.689317011837452



HILS_iter_45

-0.022996415839768 -0.115724636890444 0.345586833456357 0.930939635452170



HILS_iter_46

-0.038229220426208 0.390002855904433 -0.224501477391051 0.892205907589157



HILS_iter_47

-1.000000000000000 1.000000000000000 1.000000000000000 1.000000000000000



HILS_iter_48

0.006015504705196 0.697192807921057 0.011726479590835 0.716762505638382



HILS_iter_49

0.005348448988296 0.338328511807192 0.530321958678443 0.777344080845924



HILS_iter_50

0.013821520516372 0.138313406893243 0.161758163036131 0.976991602463045



