SIS_iter_1
7 0.0009954671052632 -0.0009437997987616
8 0.0009877270270270 -0.0009313824324324
5 0.0007364437500000 0.0005105312500000
1 0.0000233735507246 0.0012551518115942
3 0.0008219650000000 0.0007559350000000
6 -0.0001526750000000 0.0002503250000000
2 0.0000747875000000 0.0011435125000000
4 0.0003797500000000 0.0006246500000000


SIS_iter_2
19 -0.0001748978852643 -0.0001558895500562
14 -0.0001795933449595 0.0002551656109361
27 -0.0001156564168378 -0.0005720411630977
15 -0.0004314117291742 0.0002348054363505
29 -0.0009636174079755 -0.0007127688075153
31 0.0013194028391960 -0.0008384791206030
28 -0.0004135314724919 -0.0005898251618123
13 0.0012777413406214 0.0003881447928654
38 -0.0005585461284514 -0.0012201039915966
20 0.0007691560810811 -0.0001911058236808
12 -0.0011464348958333 0.0003867365327381
17 0.0000321601226994 0.0001300145705521
10 -0.0011400655891980 0.0004079835924714


SIS_iter_3
22 -0.0000387953101169 -0.0005817854473818
24 -0.0013592045384615 -0.0006288483538462
18 0.0002798045874384 -0.0004367964901478
20 0.0005850628342246 -0.0004703794117647
7 -0.0012361260594668 0.0001747309808612
9 0.0005988577790974 -0.0000056900831354
15 0.0006783467273954 -0.0001333156882591
2 0.0011844542490119 0.0005081334980237
5 0.0010982419318182 0.0002746001136364
4 -0.0007517087974684 0.0002772950000000
6 0.0010797467567568 0.0002323575675676
23 -0.0007071051699717 -0.0005823060198300
11 0.0009135606733524 -0.0000607586676218


SIS_iter_4
1 0.0011296896718147 0.0009425241795367
27 0.0003528955621302 -0.0008331647435897
24 0.0011181247416021 -0.0007432990956072
31 0.0012471193202980 -0.0012371265828678
26 -0.0002897125243665 -0.0007693393274854
20 0.0013984922839506 -0.0006238175925926
32 0.0012286760330579 -0.0013266014462810
18 -0.0013678175925926 -0.0004381948412698
17 0.0000178428160920 -0.0004328686781609
34 0.0012581772727273 -0.0013608194805195
6 0.0001716676666667 0.0005329106666667
2 -0.0004813541970803 0.0009274713503650
4 -0.0008620070610687 0.0006015597328244


SIS_iter_5
5 -0.0010802033494475 0.0010991994129834
10 0.0010663378009631 0.0004171900882825
3 0.0004405541390728 0.0012043525662252
15 0.0013025059917355 -0.0000975283057851
9 0.0010357314615385 0.0004580297692308
4 -0.0012533054207120 0.0011310510517799
16 -0.0000374874172185 -0.0001014172185430
1 0.0005819139078498 0.0013898924061433
12 -0.0004002596000000 0.0003538030000000
19 0.0013430815957447 -0.0005929739361702
2 0.0007270268018018 0.0013415668918919
8 0.0002620482394366 0.0005765454225352
24 0.0007114691358025 -0.0013010527777778


SIS_iter_6


SIS_iter_7


SIS_iter_8


SIS_iter_9


SIS_iter_10


SIS_iter_11
10 -0.0004301119638352 -0.0009820019133726
9 0.0011793145027624 -0.0007092448895028
8 -0.0014080907608696 -0.0004272692934783
15 0.0003975429752066 -0.0013904225895317
12 0.0005163318710359 -0.0010761014270613
3 -0.0001225069209040 0.0010010942090395
1 0.0010954300000000 0.0013510050000000
5 0.0002429135665529 0.0007929360921502
13 0.0009196023234201 -0.0010856194237918
4 -0.0008079737684729 0.0009660661330049
7 0.0006026888586957 -0.0002918633152174
6 -0.0004783439102564 0.0000372000000000
14 -0.0000307036764706 -0.0013373536764706


SIS_iter_12
17 -0.0014109617665148 0.0014104526273519
1 1808.0757170886731728 0.0014106944708929
30 -0.0014106944708929 0.0014097250000000
13 -0.0014109970628368 0.0014104792468371
2 460460.5177950371871702 0.0014086784747311
31 -0.0014086784747311 0.0014097250000000
40 -0.0014099989790948 0.0014107508250457
5 -0.0014092724856659 0.0014096081077482
6 -0.0014104674746744 0.0014103122183171
16 -0.0014098765929239 0.0014097086861920
35 -0.0014029257185362 0.0014060575932073
7 -0.0013728364244762 0.0013791835114456
32 -0.0014096855328612 0.0014081783324902


SIS_iter_13
3 -0.0014112736456587 0.0014081965594286
14 -0.0014111335785547 0.0014099584391085
36 -0.0014057557741375 0.0014043674873130
44 -0.0014112254371526 0.0014112256804288
48 -0.0014101958236580 0.0014112068234044
50 -0.0014105701851837 0.0014106927277721
51 -0.0014099584391085 0.0014097250000000
11 -0.0014104753515538 0.0014103730662506
4 -0.00140968360023440 0.0014104001464357
31 -0.0014109557057095 0.0014110841027918
13 -0.0014108458026201 0.0014101258586281
5 -0.0014110683660545 0.0014097555313327
32 -0.0014111657743460 0.0014112042468456


SIS_iter_14
21 -0.0010081486500519 -0.0013648442107996
15 -0.0003614440930788 -0.0012218596360382
9 -0.0003746630872483 -0.0005736716442953
19 -0.0009857981764706 -0.0013469360196078
4 0.0003959808943089 0.0000264760162602
12 -0.0004348839670014 -0.0010141013988522
1 -0.0004000414233577 0.0009304327554745
3 0.0004423377323420 0.0001917707249071
14 -0.0010559218609865 -0.0012001865470852
13 -0.0004467999271137 -0.0011934389941691
16 -0.0009019428321678 -0.0012576895104895
10 0.0005304919540230 -0.0007401071839080
20 -0.0011391638888889 -0.0013534406250000


SIS_iter_15
10 0.0003348956003289 0.0002797297491776
15 0.0001281736710963 -0.0011222952657807
11 0.0002709682325414 -0.0001403988660907
17 -0.0001786301755176 -0.0013743442619262
16 -0.0013323223738414 -0.0011230292739444
1 0.0013136562230216 0.0013617508273381
6 0.0002243272727273 0.0008642101325758
2 -0.0001319365145228 0.0012158013485477
14 0.0001923097031963 -0.0010967382420091
8 -0.0010638266990291 0.0006283820388350
4 -0.0012070484939759 0.0010264548192771
9 -0.0000593669254658 0.0004946569875776
12 -0.0003821540816327 -0.0008083250000000


SIS_iter_16
2 -0.0002061133170548 0.0008458755259204
11 0.0004282445924765 -0.0012976488244514
3 -0.0014004062121212 0.0002724242424242
1 0.0011574936495177 0.0013872176045016
6 -0.0007897702083333 -0.0000977985416667
5 0.0012013333333333 -0.0000853166666667
4 0.0008573358187135 0.0000899861111111
9 0.0005171393617021 -0.0007861962765957
8 -0.0007445744117647 -0.0007089791176471
10 -0.0012797140243902 -0.0007935810975610
7 0.0003108250000000 -0.0005432750000000

SIS_iter_17
*** stack smashing detected ***: terminated

SIS_iter_18
2 -0.0004575510576923 0.0007107614423077
7 -0.0010023227168950 -0.0007885571917808
8 -0.0004099453349282 -0.0008719343301435
6 0.0002719400684932 -0.0006999311643836
1 0.0005232778169014 0.0008886411971831
12 0.0008062660447761 -0.0013861742537313
5 0.0013625468750000 -0.0001157979166667
4 -0.0002284087209302 0.0001602087209302
3 -0.0011808750000000 0.0006421750000000
10 0.0011402750000000 -0.0010734250000000
11 0.0004503303571429 -0.0013585196428571
9 0.0008381440476190 -0.0008688488095238


SIS_iter_19
9 -0.0011708592039801 -0.0010333873134328
13 0.0001003200943396 -0.0013864048113208
14 -0.0002546391666667 -0.0014043904166667
1 0.0012551244845361 0.0013958389175258
2 -0.0004661538888889 0.0008334005555556
12 0.0002509643750000 -0.0011329143750000
4 -0.0011191704545455 0.0000160166666667
10 0.0003902872807018 -0.0010329662280702
3 -0.0000114866071429 0.0005934285714286
6 -0.0001633390000000 -0.0002866260000000
8 0.0013567901515152 -0.0009308219696970
7 0.0009121750000000 -0.0009134666666667
11 -0.0009930134615385 -0.0011109326923077


SIS_iter_20
2 0.0008518668644068 0.0005124536440678
5 0.0012170102189781 -0.0001012930656934
6 0.0007259062500000 -0.0005184437500000
3 0.0008039230000000 0.0004864416666667
4 -0.0002552702380952 0.0004106146825397
1 -0.0005855125000000 0.0008335125000000


SIS_iter_21
8 -0.0001123938449848 -0.0013845339665653
5 -0.0007849296142209 -0.0007215883131619
3 -0.0004822588016529 -0.0000373293801653
1 -0.0006477906639004 0.0010838037344398
6 0.0012620746445498 -0.0010482848341232
7 -0.0010627192455243 -0.0013770322890026
4 -0.0012144633663366 -0.0002204836633663
2 0.0000875534722222 0.0006036819444444


SIS_iter_22
11 -0.0006777532655246 -0.0013718180406852
5 -0.0010910093253968 -0.0000367140873016
9 0.0006824034436494 -0.0009887682915921
7 -0.0013725368925831 -0.0007319032608696
2 -0.0012932289682540 0.0010817843650794
3 -0.0005407113321799 0.0006228666955017
1 0.0010970098993289 0.0013998944630872
8 0.0006102619565217 -0.0007673286231884
10 0.0008867484042553 -0.0012779585106383
4 -0.0011778691558442 0.0001015048701299
6 0.0012586455882353 -0.0004347750000000


SIS_iter_23
2 0.0004580405000000 0.0002348443750000
3 -0.0007054751285347 -0.0010263251285347
1 -0.0011809972891566 0.0005410838353414


SIS_iter_24
1 0.0007930028688525 0.0002812572404372


SIS_iter_25
3 -0.0007478477112676 -0.0006498811619718
1 0.0001769093298969 0.0012631109793814
4 -0.0006337671926910 -0.0007262161960133
6 -0.0010754416666667 -0.0011111073232323
5 0.0011270463333333 -0.0009925890000000
7 0.0010838590277778 -0.0012260930555556
2 -0.0001000877272727 0.0009592386363636


SIS_iter_26
3 -0.0004693911847015 0.0002696949393657
1 0.0002885425762440 0.0003890114365971
2 0.0004001598137536 0.0003095536532951
4 -0.0000564382352941 -0.0000543715686275
5 0.0012161491573034 -0.0010323957865169


SIS_iter_27
3 -0.0007942145860285 0.0012222765955153
17 0.0004922281695721 -0.0013073488510301
1 -0.0000330918141593 0.0013444421091445
12 -0.0004729806547619 -0.0010352477678571
7 0.0002080996636771 -0.0006781041479821
5 0.0008883133783784 -0.0000786771621622
2 0.0000787916666667 0.0012625407575758
15 -0.0010978204248366 -0.0012067763071895
14 0.0005158242753623 -0.0011832789855072
13 0.0005023107142857 -0.0010928164285714
4 -0.0003789750000000 0.0008981819444444
11 0.0000255750000000 -0.0010047013888889
9 0.0002345901515152 -0.0007305901515152


SIS_iter_28
14 -0.0007626134333333 -0.0002310667666667
7 -0.0002803763933548 0.0004973896838156
3 0.0003035226435935 0.0010949380338733
9 0.0007949872350674 0.0003785927263969
10 0.0009513837443946 0.0003357140134529
20 -0.0013369269553073 -0.0005353344972067
4 0.0012026206611570 0.0008596991735537
28 0.0009011085585586 -0.0014060524774775
11 0.0005081360810811 0.0002079052702703
27 0.0013826000000000 -0.0013078848901099
26 0.0006141998407643 -0.0012967033439490
8 -0.0000051930272109 0.0004432841836735
16 0.0012011056896552 -0.0003118439655172


SIS_iter_29
10 0.0003211685483871 -0.0009294584677419
8 0.0009449897406990 -0.0002623711386697
7 0.0013598653865213 0.0001213677651140
12 -0.0008163124547648 -0.0010340547346200
6 0.0002045372238586 0.0001851998895434
2 0.0002544785156250 0.0011645192382812
15 0.0004245774128686 -0.0011081481903485
9 -0.0002760342178771 -0.0003975057262570
14 0.0002664519662921 -0.0010762660112360
1 -0.0006915772935780 0.0011910683486239
13 -0.0005376787790698 -0.0010690854651163
11 -0.0011493250000000 -0.0010268387426901
16 -0.0000081694117647 -0.0012683741176471


SIS_iter_30
15 -0.0003050381835938 -0.0012582433789062
10 0.0006410603958144 -0.0004282936305732
12 0.0012564085509138 -0.0007310840078329
16 -0.0008809625925926 -0.0012730724074074
9 -0.0010805813432836 -0.0002077867537313
1 -0.0003740085078534 0.0012464231675393
8 0.0009560418674699 -0.0001578478915663
3 -0.0003299086065574 0.0009987971311475
11 0.0004998224576271 -0.0004976419491525
14 -0.0001166714912281 -0.0011721127192982
6 0.0013951550000000 -0.0000515220000000
7 0.0010670642857143 -0.0001354404761905
13 -0.0004014955882353 -0.0010927955882353


SIS_iter_31
11 -0.0004588698979592 -0.0007538688775510
4 0.0013241195156695 0.0010432537749288
1 0.0005525479965157 0.0011601263937282
10 0.0002720331151832 -0.0006982912303665
6 0.0008595144904459 0.0007882638535032
7 -0.0011662626811594 0.0006043989130435
2 -0.0005377625939850 0.0010591219924812
9 0.0007151434684685 0.0001063565315315
5 0.0013172345890411 0.0010398058219178
3 0.0013204546875000 0.0010535640625000
8 -0.0004158500000000 0.0004719750000000


SIS_iter_32
*** stack smashing detected ***: terminated

SIS_iter_33
*** stack smashing detected ***: terminated


SIS_iter_34
21 0.0008226988862234 -0.0013351337731323
20 0.0012980928571429 -0.0012051464285714
7 -0.0012456085526316 0.0007990385964912
16 -0.0008440727477477 -0.0003799943693694
1 -0.0004589764851485 0.0013666702970297
2 -0.0012068928378378 0.0013471971621622
8 0.0003600086363636 0.0004267525757576
9 -0.0004612520491803 0.0003670323770492
18 0.0008118678571429 -0.0008260688095238
6 -0.0013489713917526 0.0008214760309278
17 0.0002720579787234 -0.0006984234042553
11 0.0008227348901099 0.0002076403846154
4 0.0009555965277778 0.0010000944444444


SIS_iter_35
*** stack smashing detected ***: terminated


SIS_iter_36
1 0.0007354665068493 0.0014046790068493
3 -0.0001083095038168 0.0011537691221374
8 -0.0008067023930754 0.0003423684826884
6 0.0001946346698113 0.0005540226415094
12 0.0006373931592040 0.0001173720149254
13 -0.0005309560104530 -0.0000893842334495
19 -0.0006048077751196 -0.0011126218899522
5 -0.0008129114102564 0.0007381855128205
15 0.0010377250000000 -0.0002630389240506
7 -0.0007377761538462 0.0005222307692308
14 -0.0007565601239669 -0.0000922121900826
4 -0.0013970258771930 0.0011290390350877
18 -0.0011418333333333 -0.0008643833333333


SIS_iter_37
25 0.0012357118309486 -0.0011444220058294
27 0.0006133341412742 -0.0012469037257618
9 -0.0004869916796267 0.0003077400855365
22 -0.0008429435251799 -0.0011097581834532
24 -0.0010126592857143 -0.0011404979714286
33 0.0004596026433121 -0.0014046603503185
31 0.0006260806683587 -0.0013375857445008
15 -0.0002097417670683 -0.0006547505020080
26 -0.0010829297202797 -0.0011964590909091
28 0.0013856806939502 -0.0012382927935943
18 -0.0004098763108614 -0.0007714907303371
11 0.0001938702586207 -0.0001453859913793
23 -0.0008161236547085 -0.0011195691704036


SIS_iter_38
*** stack smashing detected ***: terminated


SIS_iter_39
7 0.0000352110781991 0.0004776277251185
6 -0.0005333487373737 0.0007297076905418
20 -0.0009508795500506 -0.0013919195904954
3 -0.0000168156498674 0.0009389813660477
2 0.0002107433879093 0.0010895621536524
14 -0.0007850825980392 -0.0006929487745098
13 0.0004151389896373 -0.0006802693005181
17 -0.0013163887566138 -0.0009556734126984
16 -0.0001506052395210 -0.0009013250000000
12 0.0001086839928058 -0.0003629955035971
18 -0.0002855607758621 -0.0009939775862069
9 -0.0006175430851064 0.0001798000000000
11 -0.0004536583333333 -0.0003491416666667


SIS_iter_40
14 -0.0000477445625511 -0.0011634828495503
12 -0.0008866739309211 -0.0008980337993421
4 -0.0013777588333333 0.0008834018333333
11 0.0005523787117904 -0.0008771409388646
3 -0.0003104434491979 0.0010975367647059
5 0.0002162337078652 0.0005303960674157
9 -0.0005486750000000 -0.0001929875000000
13 -0.0012731559090909 -0.0009533345454545
6 -0.0006665993589744 0.0002765358974359
7 0.0009114545774648 -0.0000168426056338
10 -0.0005441016666667 -0.0002114458333333
8 -0.0004927450000000 -0.0001459959090909
1 0.0001248157894737 0.0011269315789474


SIS_iter_41
9 0.0006497330123267 -0.0004679961093991
8 -0.0012789643043478 -0.0000966296956522
4 0.0000792151639344 0.0006477729508197
2 0.0003153148104265 0.0013473356635071
7 0.0010507922185430 0.0001875859271523
10 0.0002615344202899 -0.0004873514492754
1 0.0002901318181818 0.0013848075757576
3 0.0009715136792453 0.0006825702830189
6 0.0010490221153846 0.0002029307692308
5 0.0000615032051282 0.0005556352564103


SIS_iter_42
16 -0.0003609142686261 -0.0013509637901572
12 0.0013083165352261 -0.0005305327287066
4 -0.0000106788961039 0.0003462216883117
1 0.0012598437125749 0.0012268296407186
15 -0.0007223106896552 -0.0009674512068966
8 0.0010715690366972 -0.0000147889908257
9 -0.0000131997340426 -0.0000730231382979
11 -0.0002087956896552 -0.0002394660919540
7 0.0005974087500000 0.0001590300000000
3 -0.0000500736111111 0.0005653625000000
2 -0.0013272543103448 0.0011655732758621
5 0.0004438318627451 0.0003037544117647
10 -0.0007820094444444 -0.0002093361111111


SIS_iter_43
12 -0.0005265855459985 -0.0008846958302169
8 -0.0002920266824395 0.0000548929810726
7 -0.0001911431818182 0.0000624485033259
10 0.0006298664153132 -0.0001249907772622
4 -0.0001421819696970 0.0002294046969697
3 -0.0002064685582822 0.0006758523006135
5 0.0007368112068966 0.0001246253448276
1 0.0006403947368421 0.0010655434210526
2 -0.0010002744949495 0.0009848058080808
9 -0.0004254750000000 0.0000103568181818
6 0.0006007993750000 0.0000886212500000
11 0.0008725835714286 -0.0002600235714286


SIS_iter_44
9 0.0002740360651214 0.0004257273454746
5 -0.0013576403794038 0.0009832040650407
20 -0.0005661562379110 -0.0006764580754352
16 0.0012574921779141 0.0001643047546012
19 0.0000910854743083 -0.0005655631422925
12 0.0005311245762712 0.0003547463983051
7 -0.0006111098557692 0.0006053420673077
22 -0.0006990806930693 -0.0009337445544554
3 0.0008307383522727 0.0011539573863636
23 -0.0006768485294118 -0.0009819148692810
24 -0.0000891724489796 -0.0013173418367347
11 0.0008928968750000 0.0003665750000000
6 -0.0000627537671233 0.0006259133561644


SIS_iter_45
11 -0.0001992889350649 -0.0006703105844156
8 -0.0000757879790941 0.0003864023083624
15 -0.0011077383592737 -0.0011033818741894
1 0.0008110567679558 0.0014056059392265
5 -0.0007276799792531 0.0008110905601660
12 0.0010414517759563 -0.0006792853825137
14 0.0010872634920635 -0.0010777543650794
9 0.0009532754098361 0.0001558131147541
4 -0.0006831209821429 0.0011167334821429
7 -0.0005044301020408 0.0005946780612245
3 -0.0007038060526316 0.0012623771052632
2 0.0000379750000000 0.0013631689759036
6 0.0002429844339623 0.0006363042452830


SIS_iter_46
10 0.0004946046386946 0.0002057854428904
3 0.0004673718885048 0.0011623834485739
9 0.0010080137166939 0.0003590626835237
14 0.0011092925285426 -0.0008324764775017
6 -0.0013557365083799 0.0008379533798883
4 -0.0001644364992722 0.0009259963973799
11 0.0008645654973357 0.0000608588365897
13 0.0005848225609756 -0.0007359580623306
19 0.0006360389367816 -0.0013644765804598
16 0.0006327799019608 -0.0010262519607843
12 -0.0007474989344262 -0.0000157668032787
5 0.0012202375000000 0.0008874197115385
20 0.0002948364634146 -0.0013741884146341


SIS_iter_47
4 -0.0000138172812500 -0.0009869082500000
3 -0.0007535527173913 0.0004545038043478
2 -0.0007544349250936 0.0009259798689139
1 0.0007548955882353 0.0010031939839572


SIS_iter_48
1 0.0011711892620020 0.0005326747574055
10 0.0007635134466019 -0.0001908548751734
11 0.0009829347485493 -0.0002840712282398
12 -0.0000250920182167 -0.0003674919223394
14 0.0001903407894737 -0.0009238986842105
15 -0.0005455489341085 -0.0010885866279070
16 0.0009889185406699 -0.0012776301435407
5 -0.0000464977272727 0.0001752568181818
17 0.0002952695804196 -0.0013182858391608
6 -0.0001624972222222 -0.0000392694444444
7 -0.0000135960629921 -0.0000588694881890
2 0.0002195588362069 0.0004191413793103
4 -0.0005692126847291 0.0002068257389163


SIS_iter_49
22 -0.0008316139384117 -0.0006879575769854
19 0.0001052740974729 -0.0003527704873646
5 -0.0006046208715596 0.0007283222477064
26 -0.0005153302884615 -0.0011955418269231
13 -0.0010066057692308 0.0002177409340659
10 0.0005489334337349 0.0003975003012048
8 -0.0004247490506329 0.0004718180379747
21 0.0005680953947368 -0.0005747236842105
27 0.0011008616666667 -0.0012079356666667
11 0.0008994428571429 0.0003717342857143
24 0.0004109409420290 -0.0008751771739130
23 0.0009787757936508 -0.0006991853174603
12 -0.0004267250000000 0.0002944000000000


SIS_iter_50
5 -0.0010126487257824 0.0004315248509687
11 -0.0007403714325843 -0.0003084569662921
3 0.0011166132247993 0.0005650704058876
17 0.0006404838203463 -0.0009477226731602
14 0.0001084808517555 -0.0006726143368010
19 -0.0002596715000000 -0.0013274122500000
18 0.0007636050781250 -0.0010972486328125
16 -0.0004038585329341 -0.0007865600299401
8 -0.0008100650000000 0.0000810550000000
2 -0.0006446663793103 0.0005974181034483
6 -0.0004199871621622 0.0002285132882883
1 -0.0002644185185185 0.0011507314814815
9 -0.0010915875000000 0.0000518165000000


