-0.00695101380897047  0.00902975563196765  0.670074462370897  0.742206414549624
-0.00686212122707866  0.0105770766209378  0.670866275793429  0.74147115705567
-0.00677284714471645  0.0121235389514413  0.671656530940387  0.740732510957884
-0.00668318858435364  0.0136691367562126  0.672445223827065  0.739990480102855
-0.00659314257331016  0.0152138641772471  0.67323235047063  0.739245068355275
-0.00650270614378819  0.0167577153658256  0.67401790689015  0.738496279597905
-0.00641187633290433  0.0183006844825388  0.674801889106613  0.737744117731553
-0.00632065018272167  0.0198427656973116  0.675584293142955  0.736988586675046
-0.00622902474028179  0.0213839531894273  0.676365115024083  0.736229690365199
-0.00613699705763673  0.0229242411475518  0.677144350776895  0.735467432756788
-0.00604456419188096  0.024463623769758  0.677921996430313  0.734701817822524
-0.0059517232051832  0.0260020952635491  0.678698048015296  0.733932849553024
-0.00585847116481815  0.0275396498458832  0.679472501564874  0.733160531956781
-0.00576480514319833  0.0290762817431968  0.680245353114165  0.732384869060139
-0.00567072221790579  0.0306119851914284  0.681016598700402  0.731605864907262
-0.00557621947172366  0.0321467544360427  0.681786234362957  0.730823523560107
-0.00548129399266779  0.0336805837320534  0.682554256143367  0.730037849098394
-0.0053859428740182  0.0352134673440474  0.683320660085351  0.729248845619578
-0.00529016321435068  0.0367453995462074  0.684085442234844  0.728456517238821
-0.00519395211756816  0.0382763746223361  0.684848598640012  0.727660868088962
-0.00509730669293194  0.0398063868658787  0.685610125351283  0.726861902320489
-0.00500022405509302  0.0413354305799462  0.686370018421367  0.726059624101507
-0.00490270132412367  0.0428635000773387  0.687128273905281  0.725254037617714
-0.00480473562554803  0.0443905896805681  0.687884887860373  0.724445147072366
-0.00470632409037368  0.0459166937218808  0.688639856346348  0.723632956686253
-0.00460746385512256  0.047441806543281  0.68939317542529  0.722817470697665
-0.00450815206186193  0.0489659224965525  0.690144841161685  0.721998693362364
-0.00440838585823541  0.0504890359432825  0.69089484962245  0.721176628953556
-0.00430816239749394  0.0520111412548829  0.691643196876952  0.720351281761858
-0.00420747883852623  0.0535322328126136  0.692389878997034  0.71952265609527
-0.00410633234589007  0.0550523050076041  0.69313489205704  0.718690756279146
-0.00400472008984261  0.0565713522408765  0.693878232133837  0.717855586656161
-0.00390263924637125  0.0580893689233669  0.694619895306843  0.717017151586284
-0.00380008699722414  0.0596063494759481  0.695359877658045  0.716175455446745
-0.00369706052994065  0.0611222883294511  0.696098175272031  0.715330502632006
-0.00359355703788201  0.0626371799246872  0.696834784236007  0.714482297553729
-0.00348957372026161  0.0641510187124697  0.697569700639824  0.713630844640749
-0.00338510778217534  0.0656637991536357  0.698302920576005  0.712776148339039
-0.00328015643463182  0.0671755157190677  0.699034440139762  0.711918213111682
-0.00317471689458284  0.068686162889715  0.69976425542903  0.711057043438839
-0.00306878638495341  0.0701957351566154  0.70049236254448  0.710192643817717
-0.00296236213467168  0.0717042270209161  0.701218757589553  0.709325018762542
-0.00285544137869923  0.0732116329938953  0.701943436670478  0.708454172804522
-0.00274802135806106  0.0747179475969835  0.702666395896299  0.707580110491819
-0.00264009931987511  0.076223165361784  0.703387631378899  0.706702836389521
-0.00253167251738283  0.0777272808300948  0.704107139233022  0.705822355079601
-0.00242273820997815  0.0792302885539282  0.704824915576299  0.704938671160896
-0.00231329366323787  0.080732183095533  0.705540956529273  0.704051789249069
-0.00220333614895094  0.0822329590274143  0.706255258215422  0.703161713976578
-0.00209286294514815  0.0837326109323544  0.706967816761181  0.702268449992646
-0.00198187133613183  0.0852311334034335  0.70767862829597  0.701372001963228
-0.00187035861250497  0.0867285210440497  0.708387688952218  0.70047237457098
-0.00175832207120103  0.0882247684679401  0.709094994865383  0.699569572515225
-0.00164575901551289  0.0897198702992002  0.709800542173981  0.698663600511921
-0.00153266675512261  0.0912138211723047  0.710504327019606  0.69775446329363
-0.0014190426061301  0.0927066157321276  0.711206345546959  0.696842165609485
-0.00130488389108262  0.0941982486339615  0.711906593903866  0.69592671222516
-0.00119018793900374  0.0956887145435382  0.712605068241309  0.695008107922832
-0.00107495208542249  0.0971780081370486  0.713301764713445  0.694086357501151
-0.000959173672402003  0.0986661241011621  0.713996679477631  0.693161465775209
-0.000842850048568815  0.100153057133046  0.714689808694452  0.692233437576507
-0.000725978569141306  0.101638801940385  0.71538114852774  0.691302277752918
-0.000608556595958758  0.103123353241403  0.7160706951446  0.690367991168657
-0.000490581497509607  0.104606705764878  0.716758444715437  0.689430582704251
-0.000372050648960766  0.106088854250164  0.717444393413975  0.688490057256498
-0.000252961432185297  0.107569793447213  0.718128537417286  0.687546419738441
-0.000133311235791772  0.109049518116587  0.71881087290581  0.68659967507933
-1.30974551520655e-05  0.110528023029484  0.719491396063385  0.685649828224591
0.000107682507570164  0.112005302967753  0.720170103077263  0.684696884135793
0.000229031243390881  0.113481352723915  0.720846990138141  0.68374084779061
0.000350951336477959  0.11495616710118  0.721522053440183  0.682781724182793
0.0004734453641227  0.116429740913464  0.722195289181041  0.681819518322131
0.000596515896711725  0.117902068985414  0.722866693561885  0.680854235234423
0.000720165497699238  0.119373146152419  0.723536262787424  0.679885879961437
0.000844396723578771  0.120842967260634  0.724203993065927  0.678914457560881
0.000969212123855666  0.122311527166994  0.724869880609255  0.677939973106367
0.00109461424101903  0.123778820739235  0.725533921632876  0.676962431687378
0.00122060561051409  0.125244842855912  0.726196112355897  0.67598183840923
0.00134718876071434  0.126709588406414  0.726856449001083  0.674998198393045
0.00147436621289426  0.128173052290988  0.727514927794884  0.674011516775705
0.00160214048120161  0.129635229420749  0.728171544967456  0.673021798709831
0.00173051407263006  0.131096114717703  0.728826296752689  0.672029049363737
0.00185948948699163  0.132555703114766  0.729479179388229  0.671033273921401
0.00198906921688996  0.134013989555776  0.730130189115501  0.670034477582428
0.0021192557476921  0.135470968995514  0.730779322179735  0.669032665562018
0.00225005155750224  0.136926636399721  0.73142657482999  0.668027843090927
0.00238145911713433  0.138380986745115  0.732071943319177  0.667020015415433
0.00251348089008453  0.13983401501941  0.732715423904084  0.666009187797305
0.00264611933250519  0.141285716221329  0.733357012845398  0.66499536551376
0.00277937689317742  0.142736085360625  0.733996706407733  0.663978553857435
0.00291325601348408  0.144185117458094  0.734634500859651  0.662958758136347
0.0030477591273835  0.145632807545598  0.735270392473686  0.66193598367386
0.00318288866138285  0.147079150666074  0.735904377526369  0.660910235808648
0.00331864703451092  0.148524141873558  0.736536452298254  0.659881519894659
0.00345503665829264  0.149967776233195  0.737166613073936  0.658849841301082
0.00359205993672118  0.151410048821261  0.737794856142084  0.657815205412307
0.00372971926623319  0.152850954725176  0.738421177795455  0.656777617627893
0.00386801703568135  0.154290489043521  0.739045574330926  0.655737083362527
0.00400695562630869  0.155728646886055  0.739668042049515  0.654693608045996
0.00414653741172216  0.15716542337373  0.740288577256403  0.653647197123143
