-0.006928385700092  0.009051825363960  0.670072288034117  0.742207609175337 
-0.006838705797834  0.010601070572093  0.670868659759214  0.741468873715218 
-0.006739323994404  0.012142256136646  0.671654416342974  0.740734427377093 
-0.006700021349768  0.013657791482789  0.672443122785871  0.739991773148208 
-0.006571012875755  0.015231403151900  0.673231876752775  0.739245257668633 
-0.006503109890541  0.016755736501057  0.674017382034497  0.738494236312986 
-0.006433990504691  0.018284592799621  0.674802420092637  0.737743205697672 
-0.006299789425031  0.019862348083682  0.675584629329694  0.736987929431923 
-1.000000000000000  1.000000000000000  1.000000000000000  1.000000000000000
-0.005980168563805  0.023066180998749  0.677147018709546  0.735461830178938 
-1.000000000000000  1.000000000000000  1.000000000000000  1.000000000000000 
-1.000000000000000  1.000000000000000  1.000000000000000  1.000000000000000 
-1.000000000000000  1.000000000000000  1.000000000000000  1.000000000000000 
-1.000000000000000  1.000000000000000  1.000000000000000  1.000000000000000 
-1.000000000000000  1.000000000000000  1.000000000000000  1.000000000000000 
-1.000000000000000  1.000000000000000  1.000000000000000  1.000000000000000 
-1.000000000000000  1.000000000000000  1.000000000000000  1.000000000000000 
-1.000000000000000  1.000000000000000  1.000000000000000  1.000000000000000 
-1.000000000000000  1.000000000000000  1.000000000000000  1.000000000000000
-1.000000000000000  1.000000000000000  1.000000000000000  1.000000000000000
-1.000000000000000  1.000000000000000  1.000000000000000  1.000000000000000
-1.000000000000000  1.000000000000000  1.000000000000000  1.000000000000000
-1.000000000000000  1.000000000000000  1.000000000000000  1.000000000000000 
-1.000000000000000  1.000000000000000  1.000000000000000  1.000000000000000
-1.000000000000000  1.000000000000000  1.000000000000000  1.000000000000000
-0.004852514745198  0.047236229537841  0.689396252114303  0.722826396317465 
-1.000000000000000  1.000000000000000  1.000000000000000  1.000000000000000 
-0.004286449010060  0.050564728702465  0.690886762421224  0.721179731398069 
-1.000000000000000  1.000000000000000  1.000000000000000  1.000000000000000
-1.000000000000000  1.000000000000000  1.000000000000000  1.000000000000000
-1.000000000000000  1.000000000000000  1.000000000000000  1.000000000000000 
-0.004003299397234  0.056571873238785  0.693881883076194  0.717852023669530 
-1.000000000000000  1.000000000000000  1.000000000000000  1.000000000000000
-0.003360553505559  0.059935297729421  0.695349769951756  0.716159961109747 
-1.000000000000000  1.000000000000000  1.000000000000000  1.000000000000000
-1.000000000000000  1.000000000000000  1.000000000000000  1.000000000000000
-1.000000000000000  1.000000000000000  1.000000000000000  1.000000000000000
-0.003423864804236  0.065627089669850  0.698304576606905  0.712777721572242 
-1.000000000000000  1.000000000000000  1.000000000000000  1.000000000000000 
-0.003087061128738  0.068760620533112  0.699766683779124  0.711047686189825 
-1.000000000000000  1.000000000000000  1.000000000000000  1.000000000000000
-1.000000000000000  1.000000000000000  1.000000000000000  1.000000000000000
-1.000000000000000  1.000000000000000  1.000000000000000  1.000000000000000
-1.000000000000000  1.000000000000000  1.000000000000000  1.000000000000000
-0.002594323618124  0.076256675126216  0.703384429515895  0.706702503167677 
-1.000000000000000  1.000000000000000  1.000000000000000  1.000000000000000 
-1.000000000000000  1.000000000000000  1.000000000000000  1.000000000000000 
-1.000000000000000  1.000000000000000  1.000000000000000  1.000000000000000 
-1.000000000000000  1.000000000000000  1.000000000000000  1.000000000000000
-1.000000000000000  1.000000000000000  1.000000000000000  1.000000000000000
-1.000000000000000  1.000000000000000  1.000000000000000  1.000000000000000
-1.000000000000000  1.000000000000000  1.000000000000000  1.000000000000000
-1.000000000000000  1.000000000000000  1.000000000000000  1.000000000000000
-1.000000000000000  1.000000000000000  1.000000000000000  1.000000000000000
-1.000000000000000  1.000000000000000  1.000000000000000  1.000000000000000
-1.000000000000000  1.000000000000000  1.000000000000000  1.000000000000000
-1.000000000000000  1.000000000000000  1.000000000000000  1.000000000000000
-1.000000000000000  1.000000000000000  1.000000000000000  1.000000000000000
-1.000000000000000  1.000000000000000  1.000000000000000  1.000000000000000
-1.000000000000000  1.000000000000000  1.000000000000000  1.000000000000000
0.854067932670486  0.466808229422877  0.227591648587574  0.029327195047126 
-0.000784450343496  0.101607088012022  0.715393664288866  0.691293923963543 
-1.000000000000000  1.000000000000000  1.000000000000000  1.000000000000000 
-1.000000000000000  1.000000000000000  1.000000000000000  1.000000000000000
-1.000000000000000  1.000000000000000  1.000000000000000  1.000000000000000
-0.000412052424829  0.107470942148321  0.718125735582012  0.687564727622584 
-1.000000000000000  1.000000000000000  1.000000000000000  1.000000000000000
-1.000000000000000  1.000000000000000  1.000000000000000  1.000000000000000
-1.000000000000000  1.000000000000000  1.000000000000000  1.000000000000000
-1.000000000000000  1.000000000000000  1.000000000000000  1.000000000000000 
-1.000000000000000  1.000000000000000  1.000000000000000  1.000000000000000 
-1.000000000000000  1.000000000000000  1.000000000000000  1.000000000000000
-1.000000000000000  1.000000000000000  1.000000000000000  1.000000000000000
0.001163761478738  0.119700513425499  0.723495129773302  0.679871131022007 
-1.000000000000000  1.000000000000000  1.000000000000000  1.000000000000000
-0.000447486598363  0.121290267456313  0.724953277131278  0.678034819563726 
-1.000000000000000  1.000000000000000  1.000000000000000  1.000000000000000
-1.000000000000000  1.000000000000000  1.000000000000000  1.000000000000000
-1.000000000000000  1.000000000000000  1.000000000000000  1.000000000000000
-1.000000000000000  1.000000000000000  1.000000000000000  1.000000000000000
-1.000000000000000  1.000000000000000  1.000000000000000  1.000000000000000 
-1.000000000000000  1.000000000000000  1.000000000000000  1.000000000000000
-1.000000000000000  1.000000000000000  1.000000000000000  1.000000000000000
-1.000000000000000  1.000000000000000  1.000000000000000  1.000000000000000
-1.000000000000000  1.000000000000000  1.000000000000000  1.000000000000000
-1.000000000000000  1.000000000000000  1.000000000000000  1.000000000000000
-1.000000000000000  1.000000000000000  1.000000000000000  1.000000000000000
-1.000000000000000  1.000000000000000  1.000000000000000  1.000000000000000
-1.000000000000000  1.000000000000000  1.000000000000000  1.000000000000000
-1.000000000000000  1.000000000000000  1.000000000000000  1.000000000000000
-1.000000000000000  1.000000000000000  1.000000000000000  1.000000000000000
-1.000000000000000  1.000000000000000  1.000000000000000  1.000000000000000
-1.000000000000000  1.000000000000000  1.000000000000000  1.000000000000000 
-1.000000000000000  1.000000000000000  1.000000000000000  1.000000000000000
-1.000000000000000  1.000000000000000  1.000000000000000  1.000000000000000 
-1.000000000000000  1.000000000000000  1.000000000000000  1.000000000000000
-1.000000000000000  1.000000000000000  1.000000000000000  1.000000000000000
-1.000000000000000  1.000000000000000  1.000000000000000  1.000000000000000
-1.000000000000000  1.000000000000000  1.000000000000000  1.000000000000000
-1.000000000000000  1.000000000000000  1.000000000000000  1.000000000000000
