0.0363051762547433	-0.0225827020245016	0.838398872748849	0.543377664170919
0.0359591692778999	-0.0211157170053005	0.839054903649533	0.542446249228316
0.035613557570703	-0.0196494073600947	0.839708508047645	0.541511954457106
0.0352683456907595	-0.0181837777349276	0.84035968275306	0.540574784486569
0.0349235381895914	-0.0167188327681069	0.84100842458267	0.539634743963143
0.0345791396125976	-0.0152545770901911	0.841654730360397	0.538691837550393
0.0342351544990144	-0.0137910153239754	0.842298596917211	0.537746069928977
0.0338915873818778	-0.0123281520844783	0.84294002109115	0.536797445796615
0.033548442787985	-0.0108659919789276	0.843578999727337	0.53584596986806
0.0332057252378554	-0.00940453960674721	0.844215529677993	0.534891646875065
0.0328634392456932	-0.00794379955954366	0.844849607802461	0.533934481566352
0.0325215893193486	-0.00648377642109236	0.845481230967223	0.532974478707578
0.0321801799602796	-0.00502447476732461	0.84611039604591	0.532011643081305
0.0318392156635144	-0.00356589916631412	0.846737099919328	0.531045979486969
0.031498700917613	-0.00210805417826402	0.847361339475471	0.530077492740844
0.0311586402046294	-0.000650944355493477	0.84798311160954	0.529106187676016
0.0308190380000737	0.000805425757575105	0.848602413223959	0.528132069142343
0.0304798987728742	0.00226105162442923	0.849219241228394	0.527155142006429
0.03014122698534	0.00371592871647915	0.849833592539768	0.526175411151589
0.029803027093123	0.00517005251307066	0.850445464082282	0.525192881477816
0.0294653035451806	0.00662341850149801	0.851054852787427	0.524207557901748
0.0291280607837378	0.00807602217701641	0.851661755594007	0.523219445356639
0.0287913032442505	0.0095278590428548	0.852266169448152	0.522228548792319
0.0284550353553671	0.0109789246102284	0.852868091303336	0.521234873175166
0.0281192615388922	0.0124292143983509	0.853467518120396	0.520238423488076
0.0277839862097489	0.0138787239344473	0.854064446867547	0.51923920473042
0.0274492137759416	0.0153274487537661	0.8546588745204	0.518237221918019
0.0271149486385192	0.0167753843995915	0.85525079806198	0.517232480083108
0.0267811951915379	0.0182225264232553	0.855840214482741	0.516224984274301
0.0264479578220243	0.0196688703841498	0.856427120780583	0.515214739556562
0.0261152409099389	0.0211144118497391	0.857011513960873	0.514201751011164
0.0257830488281388	0.0225591463955714	0.857593391036457	0.513186023735662
0.0254513859423413	0.0240030696052909	0.858172749027679	0.512167562843855
0.0251202566110874	0.0254461770706497	0.858749584962398	0.511146373465754
0.024789665185705	0.0268884643915193	0.859323895876005	0.510122460747545
0.0244596160102725	0.0283299271759026	0.85989567881144	0.509095829851562
0.0241301134215827	0.0297705610399455	0.860464930819208	0.508066485956241
0.023801161749106	0.0312103616079481	0.861031648957396	0.507034434256099
0.0234727653149546	0.0326493245123766	0.861595830291689	0.505999679961687
0.0231449284338461	0.0340874453938747	0.86215747189539	0.504962228299565
0.0228176554130674	0.0355247199012744	0.862716570849432	0.503922084512261
0.0224909505524392	0.0369611436916081	0.863273124242401	0.50287925385824
0.0221648181442791	0.0383967124301189	0.863827129170543	0.501833741611868
0.0218392624733667	0.0398314217902727	0.864378582737792	0.500785553063376
0.0215142878169074	0.0412652674537683	0.864927482055776	0.499734693518826
0.0211898984444968	0.0426982451105491	0.865473824243843	0.498681168300075
0.020866098618085	0.0441303504588137	0.866017606429072	0.497624982744741
0.0205428925919411	0.0455615792050267	0.866558825746287	0.496566142206168
0.0202202846126179	0.0469919270639296	0.867097479338082	0.495504652053386
0.0198982789189165	0.0484213897585514	0.86763356435483	0.494440517671083
0.0195768797418506	0.0498499630202194	0.868167077954703	0.493373744459562
0.0192560913046119	0.0512776425885696	0.868698017303685	0.492304337834712
0.0189359178225347	0.0527044242115573	0.869226379575594	0.491232303227965
0.0186163635030606	0.0541303036454673	0.869752161952094	0.490157646086266
0.0182974325457041	0.0555552766549246	0.870275361622712	0.489080371872035
0.0179791291420171	0.0569793390129044	0.870795975784854	0.488000486063131
0.0176614574755546	0.0584024865007424	0.871314001643823	0.486917994152812
0.0173444217218395	0.0598247149081449	0.871829436412835	0.485832901649706
0.0170280260483285	0.0612460200331989	0.872342277313031	0.484745214077772
0.016712274614377	0.0626663976823821	0.872852521573501	0.483654936976258
0.016397171571205	0.0640858436705729	0.873360166431293	0.482562075899671
0.0160827210618626	0.0655043538210598	0.873865209131431	0.48146663641774
0.0157689272211955	0.066921923965552	0.874367646926934	0.480368624115375
0.0154557941758111	0.0683385499441885	0.874867477078828	0.479268044592634
0.015143326044044	0.0697542276055479	0.875364696856165	0.478164903464684
0.0148315269359224	0.0711689528066578	0.875859303536039	0.477059206361766
0.0145204009531334	0.0725827214130046	0.876351294403597	0.475950958929155
0.01420995218899	0.0739955292985429	0.876840666752062	0.474840166827127
0.0139001847283963	0.0754073723457045	0.877327417882746	0.473726835730916
0.0135911026478149	0.0768182464454083	0.877811545105062	0.472610971330683
0.0132827100152322	0.078228147497069	0.878293045736547	0.471492579331475
0.0129750108901253	0.0796370714086061	0.878771917102873	0.470371665453186
0.0126680093234287	0.0810450140964539	0.879248156537861	0.469248235430524
0.0123617093575006	0.0824519714855695	0.879721761383504	0.468122295012968
0.0120561150260897	0.0838579395094422	0.880192728989976	0.466993849964736
0.0117512303543021	0.0852629141101025	0.880661056715651	0.465862906064742
0.0114470593585678	0.0866668912381304	0.881126741927116	0.46472946910656
0.0111436060466081	0.0880698668526649	0.881589781999189	0.463593544898388
0.0108408744174025	0.0894718369214115	0.882050174314935	0.462455139263006
0.0105388684611557	0.0908727974206523	0.882507916265679	0.461314258037742
0.0102375921592645	0.092272744335253	0.882963005251024	0.460170907074429
0.00993704948428624	0.0936716736586725	0.883415438678862	0.459025092239371
0.00963724439990464	0.0950695813929707	0.883865213965399	0.457876819413302
0.00933818086089849	0.096466463548817	0.884312328535158	0.456726094491348
0.00903986281310865	0.0978623161454983	0.884756779821005	0.45557292338299
0.00874229419340582	0.0992571352109275	0.885198565264158	0.454417312012023
0.00844547892965818	0.100650916781652	0.885637682314204	0.453259266316517
0.0081494209406994	0.102043656902859	0.886074128429115	0.452098792248781
0.00785412413629633	0.103435351628389	0.886507901075265	0.450935895775322
0.00755959241711729	0.104825997020738	0.886938997727439	0.449770582876806
0.00726582967469966	0.106215589151068	0.887367415868855	0.448602859548019
0.00697283979141866	0.107604124099215	0.887793152991178	0.447432731797828
0.00668062664045513	0.108991597953696	0.888216206594529	0.446260205649143
0.00638919408576429	0.110378006811716	0.888636574187509	0.445085287138876
0.00609854598204381	0.111763346779177	0.889054253287206	0.443907982317902
0.00580868617470248	0.113147613970684	0.889469241419218	0.442728297251019
0.00551961849982884	0.114530804509554	0.88988153611766	0.441546238016908
0.00523134678415996	0.115912914527823	0.890291134925186	0.440361810708098
0.00494387484505021	0.117293940166251	0.890698035392997	0.439175021430919
0.00465720649044007	0.118673877574331	0.891102235080863	0.437985876305467
