0.185296111300886	-0.378950449358807	0.398502740208794	0.81440620952545
0.185335765970431	-0.377829816088468	0.400006531331446	0.814180605774231
0.185374431613952	-0.376708849773764	0.401509533084078	0.813951385187431
0.18541211153709	-0.375587555266838	0.403011739185447	0.813718547965301
0.185448809050534	-0.374465937414274	0.404513143354357	0.81348209432769
0.18548452746999	-0.373344001057076	0.406013739309688	0.813242024514039
0.185519270116143	-0.372221751030642	0.407513520770429	0.812998338783386
0.185553040314618	-0.37109919216474	0.409012481455711	0.812751037414361
0.185585841395945	-0.369976329283488	0.410510615084841	0.812500120705185
0.185617676695525	-0.368853167205325	0.41200791537733	0.81224558897367
0.185648549553586	-0.367729710742988	0.413504376052928	0.811987442557215
0.185678463315154	-0.366605964703494	0.414999990831655	0.811725681812809
0.185707421330012	-0.365481933888107	0.416494753433837	0.811460307117023
0.185735426952663	-0.364357623092325	0.417988657580133	0.811191318866013
0.185762483542297	-0.363233037105846	0.41948169699157	0.810918717475515
0.185788594462747	-0.362108180712555	0.420973865389576	0.810642503380843
0.18581376308246	-0.360983058690493	0.42246515649601	0.810362677036889
0.185837992774456	-0.359857675811837	0.423955564033197	0.810079238918118
0.185861286916291	-0.358732036842877	0.425445081723957	0.809792189518568
0.185883648890022	-0.357606146543991	0.426933703291642	0.809501529351843
0.185905082082167	-0.356480009669624	0.428421422460163	0.809207258951116
0.185925589883672	-0.355353630968265	0.429908232954028	0.808909378869119
0.18594517568987	-0.354227015182424	0.431394128498368	0.808607889678148
0.18596384290045	-0.353100167048609	0.432879102818975	0.808302791970052
0.18598159491941	-0.351973091297302	0.434363149642331	0.807994086356236
0.185998435155032	-0.350845792652938	0.435846262695641	0.807681773467653
0.186014367019837	-0.349718275833884	0.437328435706867	0.807365853954804
0.186029393930548	-0.348590545552413	0.438809662404758	0.807046328487731
0.186043519308059	-0.347462606514684	0.440289936518883	0.806723197756015
0.186056746577391	-0.34633446342072	0.441769251779666	0.806396462468774
0.18606907916766	-0.345206120964385	0.443247601918413	0.806066123354652
0.186080520512037	-0.344077583833361	0.444724980667349	0.805732181161825
0.186091074047712	-0.342948856709125	0.446201381759649	0.805394636657988
0.186100743215857	-0.341819944266934	0.447676798929471	0.805053490630354
0.186109531461589	-0.340690851175794	0.449151225911985	0.804708743885651
0.186117442233933	-0.339561582098443	0.450624656443411	0.804360397250113
0.186124478985784	-0.338432141691328	0.452097084261046	0.804008451569479
0.186130645173871	-0.337302534604587	0.453568503103299	0.803652907708989
0.186135944258718	-0.33617276548202	0.455038906709725	0.803293766553373
0.18614037970461	-0.335042838961074	0.456508288821053	0.802931029006852
0.186143954979554	-0.333912759672819	0.457976643179222	0.80256469599313
0.18614667355524	-0.332782532241927	0.459443963527411	0.802194768455388
0.186148538907009	-0.331652161286651	0.460910243610074	0.80182124735628
0.18614955451381	-0.330521651418803	0.46237547717297	0.801444133677929
0.186149723858167	-0.329391007243734	0.463839657963197	0.801063428421914
0.186149050426139	-0.328260233360311	0.465302779729223	0.800679132609274
0.186147537707287	-0.3271293343609	0.466764836220918	0.800291247280494
0.18614518919463	-0.325998314831341	0.46822582118959	0.799899773495502
0.186142008384615	-0.324867179350928	0.469685728388012	0.799504712333665
0.186137998777075	-0.323735932492392	0.471144551570458	0.799106064893778
0.186133163875195	-0.322604578821874	0.472602284492735	0.798703832294061
0.186127507185471	-0.32147312289891	0.474058920912215	0.798298015672149
0.186121032217677	-0.320341569276408	0.475514454587865	0.797888616185091
0.186113742484826	-0.319209922500628	0.476968879280284	0.797475635009336
0.186105641503131	-0.318078187111162	0.478422188751732	0.797059073340732
0.186096732791971	-0.316946367640913	0.479874376766162	0.796638932394515
0.186087019873851	-0.315814468616075	0.481325437089255	0.796215213405303
0.186076506274366	-0.314682494556116	0.482775363488449	0.795787917627091
0.186065195522166	-0.31355044997375	0.484224149732977	0.795357046333238
0.186053091148914	-0.312418339374927	0.485671789593891	0.794922600816466
0.186040196689252	-0.311286167258807	0.487118276844102	0.794484582388846
0.186026515680765	-0.31015393811774	0.488563605258407	0.794042992381797
0.186012051663939	-0.309021656437252	0.490007768613526	0.79359783214607
0.185996808182129	-0.307889326696017	0.491450760688129	0.793149103051748
0.185980788781519	-0.306756953365845	0.492892575262872	0.792696806488233
0.185963997011084	-0.305624540911658	0.494333206120431	0.792240943864236
0.185946436422556	-0.304492093791473	0.495772647045527	0.791781516607775
0.185928110570384	-0.303359616456381	0.497210891824967	0.791318526166161
0.185909023011696	-0.302227113350528	0.498647934247671	0.790851974005991
0.185889177306267	-0.301094588911099	0.500083768104705	0.790381861613141
0.185868577016475	-0.299962047568294	0.501518387189315	0.789908190492753
0.185847225707268	-0.298829493745312	0.502951785296957	0.78943096216923
0.185825126946127	-0.297696931858333	0.504383956225331	0.788950178186224
0.185802284303025	-0.296564366316495	0.505814893774412	0.78846584010663
0.185778701350395	-0.295431801521882	0.507244591746484	0.787977949512573
0.185754381663089	-0.294299241869497	0.50867304394617	0.787486508005401
0.185729328818342	-0.293166691747252	0.510100244180468	0.786991517205673
0.185703546395734	-0.292034155535942	0.511526186258776	0.786492978753154
0.185677037977156	-0.290901637609232	0.512950863992933	0.785990894306798
0.185649807146768	-0.289769142333637	0.514374271197245	0.785485265544746
0.185621857490965	-0.288636674068501	0.515796401688521	0.784976094164308
0.185593192598339	-0.287504237165983	0.517217249286101	0.78446338188196
0.185563816059643	-0.286371835971037	0.518636807811891	0.783947130433329
0.185533731467751	-0.285239474821395	0.520055071090399	0.783427341573185
0.185502942417625	-0.284107158047547	0.521472032948757	0.782904017075427
0.185471452506272	-0.282974889972724	0.522887687216764	0.782377158733077
0.185439265332713	-0.281842674912883	0.52430202772691	0.781846768358267
0.185406384497943	-0.280710517176684	0.525715048314413	0.781312847782227
0.185372813604893	-0.279578421065478	0.52712674281725	0.780775398855276
0.185338556258395	-0.278446390873286	0.528537105076189	0.780234423446811
0.185303616065142	-0.277314430886781	0.529946128934819	0.779689923445291
0.185267996633655	-0.276182545385273	0.531353808239585	0.779141900758234
0.185231701574243	-0.275050738640693	0.532760136839821	0.778590357312197
0.185194734498965	-0.273919014917571	0.534165108587777	0.778035295052772
0.185157099021596	-0.272787378473022	0.535568717338656	0.777476715944568
0.185118798757589	-0.271655833556729	0.536970956950644	0.776914621971202
0.185079837324035	-0.270524384410926	0.538371821284943	0.776349015135288
0.185040218339631	-0.26939303527038	0.539771304205802	0.775779897458423
0.184999945424639	-0.268261790362375	0.541169399580549	0.775207270981176
0.184959022200849	-0.267130653906695	0.542566101279623	0.774631137763075
